17.176 354.616
22.8 357.656
26.752 357.656
24.928 354.312
16.72 351.272
19.152 357.96
37.696 342.608
38.912 339.264
15.808 341.24
20.064 341.24
21.584 344.28
24.624 344.28
25.84 344.584
19.304 347.928
19.76 347.624
14.44 347.624
15.656 344.28
76.456 346.256
139.232 316.16
88.768 312.816
130.72 335.92
146.68 349.6
46.512 341.24
44.384 337.896
39.368 340.936
31.768 344.28
30.096 347.624
32.072 347.624
50.008 344.584
48.032 350.968
43.776 344.28
41.8 349.296
42.864 342.608
16.112 327.864
20.672 327.864
22.04 327.864
22.8 334.248
22.04 330.904
17.328 337.592
16.416 330.904
15.504 337.592
13.984 331.208
683.544 250.952
31.16 334.248
32.984 337.592
38.456 329.232
41.496 332.88
32.528 320.872
31.768 321.176
28.272 324.216
27.208 327.864
31.312 327.56
25.688 324.52
24.472 321.176
25.84 317.832
27.816 320.872
38.304 327.56
46.512 334.552
47.728 337.592
47.272 334.248
47.576 340.936
51.984 337.592
47.272 330.904
110.352 334.552
53.048 334.248
572.28 167.352
140.904 224.2
152.152 217.208
491.72 177.08
180.424 247.304
414.808 210.52
406.6 197.144
69.312 294.12
559.968 150.632
410.552 197.448
150.784 220.552
283.784 197.144
420.432 217.512
177.232 264.328
351.88 217.512
349.144 237.576
224.2 237.576
65.512 304.152
351.728 230.888
9.424 304.152
8.512 341.24
494.76 120.232
16.416 277.4
571.976 160.36
418.912 207.176
100.928 257.336
423.624 187.416
416.632 197.448
404.776 194.104
422.56 197.144
411.92 204.136
98.192 230.888
106.096 227.544
572.736 150.328
94.848 220.856
81.624 223.896
416.328 200.792
105.944 230.888
404.016 217.208
100.168 250.648
350.36 237.272
100.32 240.616
416.328 197.144
421.04 220.552
98.952 253.992
87.704 223.896
101.384 237.272
497.192 177.384
419.672 203.832
419.52 204.136
94.392 233.928
423.624 194.104
284.24 233.928
99.712 230.584
99.864 250.952
101.384 267.368
101.08 243.96
98.344 240.92
90.744 233.928
574.104 140.296
421.04 210.824
93.024 227.544
490.504 183.768
97.888 223.896
533.976 143.64
526.376 143.64
282.112 227.24
350.968 234.232
557.08 143.944
348.688 240.92
352.032 227.24
412.68 207.176
490.656 173.736
105.792 230.584
96.064 234.232
282.872 214.168
497.8 140.296
83.448 224.2
284.392 230.888
557.688 140.6
282.416 204.136
420.888 217.208
526.072 150.328
219.032 207.176
497.496 143.64
89.528 230.888
286.824 227.544
351.88 217.208
557.84 153.672
490.96 190.456
352.032 224.2
582.464 153.672
566.96 150.632
282.872 207.176
288.344 227.24
351.424 210.824
576.232 157.016
350.968 233.928
348.536 247.304
420.736 207.48
579.272 160.664
130.264 270.712
288.496 224.2
567.416 140.6
130.568 267.672
224.808 220.856
129.504 281.048
351.272 214.168
490.352 194.104
575.928 153.976
101.384 260.68
55.784 284.088
347.776 190.456
282.872 210.824
218.88 207.48
411.92 203.832
282.568 213.864
348.08 193.8
423.624 193.8
351.88 223.896
582.464 157.32
284.544 234.232
218.88 194.104
126.616 274.36
127.224 277.4
178.904 257.336
497.04 193.8
58.368 290.776
349.752 200.792
283.632 217.512
284.088 240.92
564.984 153.672
349.296 197.448
226.784 253.992
579.424 163.704
351.728 210.52
132.24 257.64
414.656 193.8
47.88 284.088
121.6 281.048
226.176 250.648
49.552 281.048
132.088 260.68
489.136 190.76
348.384 197.144
491.416 174.04
485.944 197.448
284.088 243.96
582.768 157.016
282.872 203.832
128.592 280.744
545.832 143.64
352.032 213.864
178.296 260.68
219.336 210.52
416.48 200.488
128.896 271.016
351.576 230.584
226.48 250.952
128.744 274.056
47.424 277.4
490.96 187.416
139.384 240.92
497.344 187.416
57.152 274.36
485.336 180.424
218.576 197.448
350.816 203.832
219.184 203.832
347.928 187.416
181.488 253.992
282.872 230.584
57.0 277.4
348.536 247.608
224.048 217.512
524.096 150.632
220.704 213.864
152.608 214.168
488.68 197.144
60.192 294.424
185.896 271.016
145.312 220.856
138.776 230.888
284.24 240.616
59.736 287.432
485.488 167.352
132.392 267.368
283.632 193.8
283.176 197.448
54.568 280.744
575.928 157.32
61.256 291.08
186.504 247.608
348.536 243.96
420.736 213.864
219.792 200.792
225.112 247.304
55.024 284.392
119.32 280.744
284.088 217.208
218.272 193.8
133.912 264.024
564.072 140.296
224.352 233.928
484.272 170.392
490.808 187.112
62.016 284.088
74.328 304.152
63.992 287.736
71.896 301.112
221.616 217.208
224.352 220.552
178.296 234.232
224.504 240.92
62.168 281.048
147.136 223.896
138.168 240.616
485.184 174.04
226.48 260.68
185.592 267.672
123.88 284.088
286.216 223.896
142.424 227.544
63.84 294.12
186.048 250.952
68.856 297.464
224.504 230.584
123.88 277.704
180.88 240.616
224.504 243.96
75.696 307.496
224.504 223.896
178.296 247.608
56.088 281.048
132.696 264.328
142.424 227.24
186.808 284.088
226.328 257.336
218.728 200.488
178.144 267.368
180.576 240.92
354.16 204.136
181.64 244.264
218.728 210.824
70.832 297.768
187.568 290.776
186.808 277.704
180.12 257.64
139.08 260.68
186.2 264.328
224.048 234.232
178.6 237.272
491.112 177.384
64.904 297.464
186.808 287.432
180.424 260.984
186.808 281.048
224.352 227.544
224.048 237.272
62.32 297.768
181.792 250.648
283.936 190.76
186.2 260.68
186.656 280.744
179.968 237.576
14.288 317.528
14.136 310.84
5.928 307.496
20.672 317.832
0.912 314.488
582.312 150.328
575.016 150.632
12.008 277.704
561.032 83.448
71.288 304.456
281.352 247.304
283.48 220.856
497.192 183.768
89.68 227.24
139.08 260.984
284.088 237.272
44.84 277.704
497.192 184.072
423.624 187.112
56.24 287.736
348.536 244.264
497.344 187.112
495.368 190.76
11.552 281.048
11.4 280.744
10.184 324.216
44.08 274.36
12.768 274.36
11.856 324.216
1.976 331.208
7.296 341.24
2.432 347.624
1.52 364.344
10.032 351.272
14.288 361.304
485.64 177.08
98.952 254.296
5.776 367.992
8.816 357.96
185.896 270.712
488.224 180.728
284.24 220.552
420.736 210.52
134.216 257.336
282.416 200.488
95.608 224.2
410.856 194.104
180.272 264.024
405.384 204.136
404.472 220.552
352.184 220.552
68.856 300.808
151.696 217.512
87.704 224.2
186.2 264.024
225.112 244.264
184.072 267.368
101.84 264.024
74.328 300.808
74.632 297.464
282.872 210.52
281.808 223.896
95.912 237.272
281.96 224.2
351.728 207.176
348.384 194.104
89.984 230.584
347.928 204.136
485.032 164.008
484.272 167.048
485.792 170.696
487.92 167.048
582.768 150.632
518.624 140.296
222.832 247.608
533.976 146.984
485.184 177.384
525.008 140.296
490.656 184.072
497.04 180.424
523.032 153.672
576.536 170.392
561.336 100.472
560.88 93.48
563.312 76.76
564.68 77.064
403.56 190.76
13.376 301.112
0.912 337.592
19.0 307.8
4.864 354.312
1.064 347.928
21.736 367.688
17.176 371.032
19.912 367.992
21.888 364.648
8.36 327.864
3.192 327.864
20.368 311.144
5.624 317.832
20.064 321.176
10.032 307.8
562.4 110.2
14.288 351.272
25.992 351.272
26.6 354.616
10.032 304.456
9.728 340.936
5.928 310.84
10.792 330.904
22.04 354.312
20.064 314.488
9.424 337.896
494.76 110.2
494.608 93.48
18.088 317.528
10.792 297.768
19.912 310.84
13.984 324.52
9.576 361.304
17.936 324.216
16.264 304.456
4.256 314.184
6.232 321.176
5.928 324.52
10.792 311.144
9.576 334.248
6.992 317.528
6.536 361.0
4.256 361.304
24.168 364.344
9.728 334.552
23.104 374.376
498.256 77.064
494.304 77.064
494.0 106.856
494.608 80.408
23.56 371.336
24.168 361.0
17.176 364.648
12.312 300.808
580.032 174.04
581.856 177.08
16.568 272.688
566.808 224.2
564.376 227.24
584.288 267.368
549.936 210.52
568.48 250.648
518.776 204.136
559.512 214.168
526.832 207.48
575.168 267.368
592.8 257.64
590.672 193.8
606.328 193.8
566.656 230.584
625.784 250.648
568.632 227.544
622.592 250.952
564.224 244.264
598.88 194.104
605.112 194.104
620.16 247.304
599.336 193.8
584.896 194.104
618.944 254.296
623.2 247.608
588.544 190.76
611.952 197.448
610.584 194.104
582.464 197.144
594.928 197.144
586.872 264.328
586.872 264.024
566.808 237.272
583.072 190.76
579.12 194.104
566.2 223.896
615.904 197.448
566.656 233.928
567.872 247.608
566.2 260.984
564.072 240.92
592.648 264.024
566.2 257.336
565.744 264.024
616.816 257.64
565.896 253.992
560.728 247.304
521.056 207.48
682.936 257.64
682.936 257.336
682.784 254.296
560.576 247.608
566.96 220.552
488.832 471.352
487.008 464.968
568.784 491.72
565.44 498.104
561.336 498.104
488.832 494.76
487.008 447.944
488.832 495.064
488.832 485.032
568.328 494.76
562.704 485.032
559.816 491.72
488.984 422.864
563.312 476.672
409.336 170.696
203.528 167.048
162.336 170.392
194.864 167.048
167.656 167.352
295.184 153.672
138.016 163.704
162.184 170.696
156.864 177.08
134.824 170.392
413.288 173.736
390.488 180.728
407.36 177.08
144.4 177.08
271.928 150.632
317.832 157.32
325.432 160.664
288.344 153.672
409.336 173.736
407.056 163.704
172.368 173.736
390.64 180.424
389.272 174.04
295.792 164.008
259.464 160.664
398.24 177.384
173.28 183.768
173.888 180.728
394.744 174.04
407.664 177.384
156.56 167.048
179.208 183.768
392.464 170.392
398.24 167.048
397.328 173.736
397.784 167.352
397.632 163.704
398.24 160.664
370.576 167.048
255.512 160.664
197.904 157.016
261.744 163.704
354.008 163.704
231.192 160.664
245.936 160.664
183.768 160.36
177.232 173.736
187.112 163.704
228.76 164.008
366.32 164.008
170.696 167.048
400.672 180.424
229.824 150.328
245.176 157.016
221.16 150.328
178.296 167.048
299.896 163.704
265.392 160.664
274.208 163.704
196.232 167.352
207.48 164.008
240.616 160.664
346.104 160.664
362.216 163.704
264.176 153.976
289.864 160.664
330.296 160.664
228.912 163.704
371.792 164.008
340.176 160.36
164.616 167.048
359.48 160.664
352.792 160.664
162.792 183.768
400.064 177.08
390.944 177.384
392.312 167.352
392.16 170.696
392.92 164.008
400.216 174.04
163.856 180.728
188.328 164.008
413.896 170.696
177.384 174.04
183.616 180.728
406.448 180.424
410.552 170.392
414.048 167.352
413.744 167.048
411.464 164.008
413.592 163.704
308.408 160.664
301.72 160.664
276.64 153.976
294.576 160.664
318.592 160.664
314.64 163.704
155.952 174.04
158.688 180.728
159.6 177.384
158.688 180.424
156.104 170.696
162.032 177.08
172.52 170.696
164.616 173.736
152.76 173.736
145.312 173.736
159.448 173.736
155.04 177.384
153.216 177.08
145.768 170.392
326.04 163.704
307.952 164.008
235.904 157.016
202.616 164.008
186.2 177.384
110.808 170.392
128.136 177.08
116.888 173.736
112.48 167.352
128.44 174.04
110.048 170.696
118.104 167.352
110.656 167.048
132.544 173.736
133.76 180.424
143.488 180.728
135.432 174.04
139.232 177.08
154.128 180.728
152.608 180.424
143.792 180.424
110.656 173.736
128.44 183.768
115.824 183.768
121.6 174.04
129.048 177.384
110.656 180.728
123.272 183.768
110.656 183.768
122.968 170.392
135.128 167.352
131.176 160.664
129.656 170.392
134.976 167.048
124.944 160.664
123.424 164.008
142.12 170.392
133.304 170.696
143.336 164.008
137.408 160.36
133.152 164.008
132.848 163.704
112.48 177.08
127.528 180.424
122.512 180.728
112.176 174.04
122.208 173.736
113.24 180.424
123.728 180.424
111.264 177.384
133.152 177.384
135.432 180.728
138.016 183.768
135.584 177.08
144.856 177.384
132.088 183.768
154.28 183.768
145.464 183.768
110.656 164.008
128.896 173.736
117.496 160.664
123.424 167.352
123.424 167.048
114.608 163.704
120.232 163.704
110.96 160.664
176.776 160.36
309.168 163.704
197.296 163.704
179.056 170.392
124.944 163.704
196.536 160.664
187.416 160.36
174.952 164.008
407.208 167.048
185.744 162.032
174.192 162.336
202.768 168.72
193.952 169.024
386.536 172.368
172.216 175.712
168.568 169.024
155.952 169.024
139.232 165.376
153.368 165.376
139.688 168.72
146.224 172.064
147.744 175.408
139.232 162.032
141.512 172.064
153.216 168.72
759.088 257.64
828.248 428.184
796.024 447.944
722.456 177.384
805.296 421.496
736.44 294.12
774.744 394.44
782.8 384.712
800.28 384.712
757.416 197.448
828.248 394.744
803.168 434.568
801.8 448.248
803.32 454.936
807.88 357.656
774.288 394.744
726.56 327.864
751.336 324.52
804.84 424.84
827.792 424.536
795.416 391.096
836.912 391.4
752.4 321.176
815.176 381.064
813.2 418.152
828.704 388.056
789.032 384.408
767.448 391.4
726.104 320.872
691.904 187.416
795.72 448.248
781.888 371.032
754.68 407.816
836.912 431.224
749.968 391.096
828.4 431.224
769.88 414.504
754.224 331.208
754.528 398.088
753.312 401.128
754.984 414.504
718.048 384.712
718.048 384.408
716.528 381.064
773.224 374.68
779.456 374.68
779.608 367.992
812.744 394.744
796.48 384.712
753.768 324.52
793.592 437.912
788.424 374.68
784.016 388.056
795.264 434.568
761.672 401.432
751.032 361.0
820.648 394.744
714.4 337.592
802.864 437.912
811.528 401.432
804.992 427.88
810.464 407.816
817.456 384.408
799.216 437.912
804.84 421.192
828.248 387.752
803.32 431.528
805.448 401.128
794.96 384.408
827.336 394.44
750.424 364.344
786.752 357.656
789.184 384.712
799.976 388.056
806.36 411.464
814.72 397.784
785.84 371.032
813.96 398.088
812.592 411.16
802.256 394.44
787.664 357.96
815.024 424.536
759.848 408.12
805.6 401.432
793.744 357.656
801.8 441.56
788.88 378.024
812.136 408.12
812.44 414.504
791.16 387.752
815.176 421.496
798.152 438.216
802.56 444.6
812.592 381.368
815.784 421.192
718.2 387.752
801.952 441.256
829.768 431.528
794.96 381.064
782.8 404.472
712.88 384.712
711.816 381.368
762.736 404.472
725.648 381.368
760.76 367.992
719.416 381.368
786.6 361.0
761.216 411.464
724.432 384.712
712.576 384.408
706.496 374.68
725.8 378.024
750.576 374.376
722.456 407.816
706.952 377.72
780.368 398.088
779.456 371.336
761.52 371.032
746.168 384.712
760.608 414.504
758.024 404.776
716.68 388.056
750.728 401.432
744.8 381.368
756.2 401.432
751.488 320.872
744.344 378.024
717.896 401.432
754.072 411.464
717.592 391.096
824.904 384.408
754.224 327.56
749.816 378.024
750.728 377.72
749.968 374.68
750.272 364.648
725.192 384.408
744.8 388.056
752.248 404.776
744.952 384.408
835.848 388.056
803.776 461.624
843.6 427.88
844.208 391.4
814.568 351.272
795.112 451.592
794.96 454.936
831.44 431.528
802.256 461.624
803.776 464.968
805.904 464.968
829.16 371.336
759.24 250.952
767.296 227.544
751.184 237.272
760.152 260.68
753.312 257.336
745.408 257.336
752.704 267.368
744.952 260.68
754.224 260.984
751.64 284.088
759.848 257.336
753.312 257.64
753.92 264.024
752.856 274.36
758.936 237.272
753.16 277.4
755.592 257.336
753.16 281.048
763.192 220.856
763.496 237.576
768.056 223.896
764.56 247.608
758.328 230.584
749.664 247.304
751.944 250.648
765.016 240.616
768.512 227.544
761.52 244.264
767.448 220.856
764.408 243.96
763.496 237.272
762.736 330.904
769.88 327.864
770.032 331.208
755.896 327.864
770.944 337.592
758.024 330.904
772.16 337.896
761.064 324.52
768.056 334.248
760.0 320.872
761.976 321.176
757.416 334.248
764.104 327.56
769.576 327.56
765.32 327.864
779.456 411.464
795.264 417.848
708.32 344.28
715.312 331.208
720.784 331.208
702.392 153.672
708.168 160.36
708.472 153.976
708.624 150.632
702.848 150.632
812.288 414.808
720.936 324.52
719.872 321.176
712.12 344.584
678.832 341.24
679.136 344.28
706.344 367.688
698.592 361.0
711.208 378.024
685.672 344.584
684.912 347.624
801.496 398.088
785.232 421.496
796.176 398.088
776.72 424.84
792.528 434.872
790.096 434.568
768.968 398.088
764.712 401.128
772.92 398.088
783.256 401.432
801.04 397.784
765.32 397.784
726.104 317.832
728.84 314.488
719.416 317.528
719.264 320.872
718.656 317.832
722.0 310.84
721.696 311.144
735.528 153.672
696.312 207.48
715.92 234.232
684.304 213.864
702.544 153.976
737.808 264.024
722.152 304.456
720.632 187.416
807.88 471.352
728.232 177.08
752.4 244.264
776.568 421.496
709.232 351.272
785.536 431.224
783.712 351.272
742.216 260.68
701.784 257.336
701.328 254.296
703.608 264.024
701.936 260.984
701.632 257.64
701.176 260.68
708.776 250.648
704.216 253.992
708.928 243.96
710.144 237.576
718.656 243.96
713.336 240.616
708.624 247.304
708.776 244.264
702.392 250.952
708.624 250.952
760.608 240.92
757.416 243.96
759.696 247.304
749.664 250.952
757.264 247.608
696.92 367.688
697.224 364.344
801.8 451.288
768.208 404.472
752.704 290.776
708.32 354.616
825.208 381.368
784.016 424.84
784.016 398.088
787.208 418.152
785.688 411.16
778.696 418.152
835.544 387.752
738.872 317.832
722.912 230.584
733.552 317.528
705.736 357.96
706.496 371.336
778.24 388.056
738.264 224.2
770.488 401.128
777.024 417.848
784.472 414.504
791.312 388.056
775.048 401.432
795.872 414.504
789.032 397.784
746.168 321.176
744.648 220.856
728.688 153.672
720.936 230.888
728.232 153.976
827.944 424.84
714.552 237.272
746.928 317.832
743.28 260.984
746.472 173.736
734.008 257.64
740.696 177.08
753.616 193.8
744.04 294.424
756.2 294.424
755.136 284.392
725.344 290.776
725.344 291.08
725.192 294.12
740.544 250.952
767.144 401.432
772.312 404.776
699.656 367.992
699.656 357.96
703.456 361.0
795.872 407.816
726.256 250.952
677.16 354.312
784.472 384.408
767.296 388.056
726.104 381.064
711.816 350.968
716.68 340.936
783.712 377.72
804.84 424.536
803.016 431.224
800.584 391.4
778.392 387.752
768.664 391.096
774.592 391.096
777.328 404.472
788.728 401.128
725.344 314.184
739.784 311.144
760.912 414.808
731.12 314.184
677.464 361.304
690.08 364.344
680.2 350.968
678.832 340.936
678.376 344.584
682.936 354.616
739.176 314.184
732.336 317.832
745.712 320.872
820.04 381.368
726.864 164.008
726.408 220.552
727.624 160.664
722.912 170.696
691.144 213.864
727.624 217.512
751.032 190.76
687.04 210.52
750.272 160.664
727.168 163.704
732.792 207.48
757.568 193.8
742.52 291.08
750.12 167.352
735.224 227.544
744.8 204.136
726.104 167.048
751.032 200.488
747.688 200.792
751.64 197.448
709.384 347.928
705.128 364.344
835.544 384.408
795.416 454.632
804.84 464.664
827.792 421.496
680.656 374.376
685.976 371.336
677.616 371.336
684.0 377.72
685.672 374.68
681.72 367.992
677.464 364.648
683.848 378.024
684.912 364.344
677.616 357.96
803.928 434.872
807.728 404.776
697.224 190.76
694.032 190.456
685.216 184.072
717.44 267.672
684.608 177.384
696.616 193.8
687.04 183.768
844.816 424.536
841.32 387.752
840.56 391.096
800.128 387.752
696.464 361.304
679.744 374.68
713.792 344.28
677.768 364.344
715.312 334.552
719.568 327.864
677.464 354.616
684.304 381.064
805.904 461.32
805.752 458.28
808.64 354.616
798.0 354.616
797.696 357.656
804.688 354.616
807.424 354.312
814.416 354.312
795.568 461.624
797.24 464.968
840.864 424.536
836.912 428.184
834.024 427.88
835.392 424.536
842.384 428.184
839.648 431.528
844.816 424.84
829.008 377.72
829.616 374.376
829.464 364.648
800.736 454.632
799.064 457.976
803.624 451.592
812.44 411.464
799.824 381.368
723.064 301.112
721.696 304.152
807.728 468.008
802.408 468.312
800.888 471.352
808.336 471.656
797.088 444.6
795.264 444.904
801.952 447.944
816.392 384.712
829.464 381.064
828.552 384.408
817.608 427.88
816.24 428.184
824.296 384.712
829.312 371.032
833.416 384.712
820.04 357.656
816.088 354.616
797.696 464.664
828.552 361.304
841.168 384.712
829.92 364.344
829.464 367.688
841.016 384.408
794.808 458.28
805.448 457.976
753.616 234.232
752.4 227.544
753.16 247.608
752.704 253.992
760.456 240.616
750.728 267.672
746.624 254.296
751.184 264.328
744.192 250.952
759.544 250.648
750.272 274.056
750.88 271.016
783.256 407.816
778.088 404.776
771.248 417.848
766.688 414.808
801.04 407.816
800.28 404.776
796.024 401.432
795.416 421.192
795.72 411.16
795.72 424.536
788.12 431.528
795.264 424.84
781.736 434.568
800.584 411.464
795.872 414.808
795.416 408.12
795.416 418.152
795.416 427.88
788.12 424.536
795.416 421.496
788.576 434.872
801.496 411.16
788.88 401.432
777.48 407.816
771.856 404.472
780.216 408.12
794.2 401.128
792.528 398.088
677.616 347.928
678.072 357.656
685.216 347.928
685.368 351.272
708.472 153.672
702.696 157.016
694.184 187.112
697.984 190.456
686.128 187.416
684.608 180.728
698.44 187.112
691.752 184.072
687.952 187.112
697.224 197.448
696.464 194.104
735.528 150.632
728.08 157.016
734.16 153.976
726.864 167.352
727.776 157.32
726.408 170.392
728.08 173.736
727.928 160.36
720.024 193.8
727.168 180.424
721.696 184.072
721.696 187.112
722.608 183.768
720.328 194.104
720.176 197.144
722.0 177.08
727.776 174.04
722.304 173.736
720.632 190.76
722.608 180.728
728.232 177.384
749.664 163.704
750.272 170.392
750.424 170.696
746.472 170.696
746.776 167.048
740.24 180.728
740.088 184.072
740.848 180.424
743.888 167.352
743.888 170.392
740.696 173.736
740.848 177.384
733.4 203.832
722.456 200.488
739.936 194.104
738.72 197.448
737.96 203.832
740.696 197.144
742.52 200.488
731.12 204.136
722.608 204.136
741.0 190.76
737.048 197.144
731.728 200.792
722.608 203.832
732.64 207.176
738.112 200.792
755.744 190.456
753.768 197.144
757.264 200.488
756.808 190.76
756.656 194.104
746.776 203.832
747.84 197.448
746.168 197.144
740.848 227.544
742.216 224.2
734.312 230.584
737.96 227.24
744.192 223.896
744.496 227.24
746.624 227.544
729.144 220.856
736.44 223.896
732.184 227.24
735.376 220.856
752.4 230.584
756.656 240.92
758.328 227.24
752.856 230.888
764.104 224.2
756.2 240.616
757.72 237.576
763.8 220.552
763.8 227.24
759.088 227.544
758.632 230.888
759.544 223.896
763.648 217.512
762.888 230.584
722.152 264.328
717.896 270.712
722.608 260.984
718.2 271.016
718.352 274.056
725.952 257.64
730.056 260.68
716.376 264.328
716.68 267.368
726.104 254.296
730.816 260.984
722.304 264.024
725.8 253.992
714.856 230.888
720.632 237.272
725.648 223.896
720.48 233.928
714.856 230.584
721.24 237.576
729.296 227.544
729.144 224.2
710.144 234.232
726.864 230.584
725.496 227.24
722.912 227.544
708.32 210.824
710.144 207.48
710.448 210.52
716.224 200.488
704.216 214.168
701.936 217.208
701.936 210.824
708.016 213.864
716.376 210.52
716.528 203.832
716.376 207.176
720.632 200.792
704.216 210.52
714.704 204.136
709.84 207.176
714.096 207.48
687.192 247.608
689.168 237.576
692.056 240.616
693.728 233.928
687.192 243.96
688.408 233.928
684.76 240.92
686.432 240.616
709.08 230.888
702.696 230.584
701.176 227.24
702.088 224.2
688.408 234.232
695.704 230.888
694.792 234.232
688.104 237.272
689.928 173.736
695.552 177.08
701.176 180.424
689.776 174.04
695.4 180.424
693.12 180.728
698.136 173.736
696.16 174.04
689.624 180.424
703.912 174.04
708.32 170.696
707.56 173.736
701.176 177.384
689.624 177.08
703.304 177.08
695.248 177.384
680.2 210.824
679.744 217.208
684.152 217.208
680.656 210.52
677.92 214.168
697.984 210.824
699.808 213.864
686.128 210.824
689.624 214.168
692.208 210.824
685.672 214.168
693.424 210.52
706.648 170.392
706.8 167.352
708.168 160.664
702.24 160.36
707.712 164.008
707.712 163.704
702.24 160.664
708.168 157.016
727.928 311.144
721.848 307.496
739.176 317.528
747.536 290.776
748.6 287.736
749.968 291.08
746.624 294.12
747.992 294.424
756.352 297.464
744.8 297.464
742.52 287.736
752.552 294.12
754.832 287.736
756.504 294.12
736.592 284.392
736.44 284.088
736.288 281.048
736.896 291.08
731.12 290.776
724.128 297.464
725.8 294.424
733.4 294.424
740.088 287.432
736.592 287.736
729.296 291.08
730.968 294.12
740.848 250.648
742.672 257.336
736.136 267.368
736.288 260.68
747.536 264.024
742.976 254.296
737.808 264.328
736.44 257.336
730.056 257.336
734.16 267.672
740.696 253.992
723.672 260.68
681.416 245.936
794.504 301.112
780.368 334.248
816.696 227.544
806.664 240.92
806.056 247.304
817.304 230.888
821.104 341.24
810.616 230.888
766.08 324.216
799.216 334.552
754.072 468.008
818.672 347.928
837.216 350.968
799.216 321.176
790.704 331.208
785.688 307.496
799.824 300.808
754.528 468.312
812.744 347.928
802.864 237.272
811.68 344.584
811.224 247.304
828.856 304.456
779.152 327.864
794.656 264.328
815.176 297.464
761.672 304.456
809.4 247.608
824.296 304.152
791.008 240.92
827.792 347.624
813.048 294.12
797.24 277.4
815.936 280.744
810.92 227.544
786.144 330.904
782.8 320.872
799.52 337.896
853.328 280.744
816.696 247.304
768.208 334.552
812.592 284.392
822.016 300.808
791.616 304.152
830.832 284.392
818.52 281.048
834.784 281.048
824.752 284.088
807.12 277.4
808.488 284.088
824.904 287.432
811.072 277.704
815.328 324.216
796.328 230.888
826.12 307.496
818.824 287.432
841.472 287.432
805.752 274.056
806.816 244.264
834.024 320.872
790.4 240.616
820.496 294.424
789.792 307.496
793.136 243.96
813.808 234.232
817.0 230.584
848.768 344.584
813.352 233.928
835.088 220.552
812.44 327.56
810.92 334.552
834.632 214.168
807.12 331.208
812.744 317.832
819.28 354.312
839.648 317.832
805.752 304.456
792.68 237.272
784.016 304.152
798.304 304.152
792.376 234.232
813.2 321.176
835.392 223.896
809.552 324.216
793.592 300.808
812.288 320.872
780.824 334.552
805.144 334.552
813.504 324.52
840.56 324.52
817.304 350.968
764.56 448.248
835.088 321.176
815.328 340.936
806.816 327.864
776.112 304.456
819.584 284.392
769.576 444.6
834.48 314.488
784.168 301.112
827.792 310.84
815.784 300.808
778.544 431.528
806.056 300.808
762.584 444.6
787.816 441.56
759.848 434.568
770.032 434.872
809.4 350.968
847.096 350.968
839.648 317.528
758.176 441.256
758.48 434.872
738.72 424.84
771.4 434.568
745.864 421.496
769.576 431.528
782.192 244.264
789.944 250.648
761.52 431.528
809.552 347.624
784.168 250.648
778.696 434.568
787.968 437.912
738.72 427.88
831.288 307.496
784.928 240.92
783.712 247.608
735.072 421.192
799.824 301.112
756.352 427.88
761.52 428.184
750.88 421.496
849.072 277.704
799.216 277.704
772.616 434.872
808.184 224.2
807.728 227.24
770.032 434.568
777.936 437.912
740.544 421.192
771.248 294.12
788.12 247.304
782.04 297.464
815.48 284.088
780.52 438.216
779.152 294.12
817.76 347.624
754.072 424.84
745.408 418.152
744.8 414.808
784.016 300.808
803.928 344.584
807.12 277.704
753.92 428.184
749.664 418.152
751.184 424.536
807.12 274.36
759.392 317.832
812.44 281.048
841.32 280.744
846.64 324.52
765.928 330.904
832.048 287.432
834.784 284.088
826.728 281.048
800.128 280.744
854.848 281.048
846.944 281.048
823.384 287.736
818.368 277.704
800.584 274.36
796.784 247.608
812.896 287.432
807.12 280.744
825.664 284.392
815.024 247.608
803.32 264.024
807.576 260.984
808.792 264.024
816.848 237.576
802.712 220.856
805.144 210.824
809.096 213.864
812.136 243.96
804.84 213.864
799.52 240.92
796.176 244.264
811.832 257.336
810.312 230.584
800.128 244.264
803.016 240.616
816.24 240.616
853.936 321.176
849.224 324.216
836.304 317.832
858.952 320.872
773.984 271.016
844.056 317.528
844.36 320.872
850.592 334.248
839.344 327.56
786.6 254.296
857.432 284.392
793.44 277.704
765.624 257.336
766.688 264.024
829.92 344.584
788.272 257.336
844.208 317.832
821.864 344.28
836.0 350.968
769.88 271.016
846.64 337.896
848.464 330.904
835.696 361.0
763.192 321.176
786.904 354.312
769.272 324.52
778.088 334.552
772.312 334.248
787.208 347.624
780.672 337.592
787.816 344.28
787.36 340.936
775.96 337.592
775.808 331.208
773.984 334.248
783.408 331.208
783.256 330.904
783.864 337.896
785.688 230.888
773.376 314.184
775.048 327.56
799.976 324.52
775.808 321.176
774.136 311.144
768.664 267.368
808.944 254.296
763.344 304.152
784.168 304.456
779.456 307.8
766.232 297.768
772.312 301.112
798.608 304.456
767.144 297.464
799.064 260.984
821.256 213.864
752.4 434.568
680.656 437.912
742.824 444.904
742.368 444.6
674.728 464.664
695.856 414.808
721.544 441.256
795.72 254.296
777.328 320.872
803.32 260.68
806.056 301.112
788.12 464.664
800.888 257.64
815.936 250.648
806.816 330.904
761.52 471.352
766.08 454.936
782.952 441.256
792.528 304.456
734.16 444.904
755.44 441.256
756.504 438.216
786.752 441.256
777.328 444.6
783.104 444.6
769.88 441.256
765.624 441.256
767.144 444.904
799.064 307.496
804.84 230.584
801.648 220.552
798.608 227.24
785.384 227.24
777.784 230.584
777.176 224.2
785.688 224.2
809.704 220.552
801.8 223.896
799.824 224.2
788.728 234.232
778.24 230.888
783.256 227.544
792.224 227.24
771.4 310.84
793.592 354.312
798.76 350.968
783.256 314.184
797.24 307.8
792.68 310.84
799.976 327.56
799.52 320.872
804.08 311.144
816.24 244.264
834.48 217.208
761.672 300.808
792.376 351.272
802.104 314.184
787.664 311.144
774.896 314.488
785.688 317.528
795.872 331.208
793.744 344.28
792.984 317.528
786.144 334.248
800.432 334.248
799.52 314.488
799.52 317.528
800.28 330.904
785.84 314.488
765.016 307.8
814.264 250.952
786.448 310.84
764.864 307.496
836.76 210.824
812.288 237.272
779.304 324.52
772.312 330.904
762.432 320.872
773.832 324.52
816.088 243.96
767.752 310.84
769.576 441.56
771.096 304.152
788.424 337.896
749.208 428.184
789.488 250.952
796.024 257.336
794.808 253.992
773.224 247.304
781.432 247.304
774.288 244.264
774.288 243.96
765.472 364.648
771.096 364.344
775.048 367.992
777.784 367.688
779.456 361.304
766.232 351.272
768.512 354.616
767.448 361.0
769.424 357.656
765.624 354.312
754.072 367.688
754.224 364.648
763.952 357.96
754.984 371.336
756.808 361.0
757.264 364.344
755.136 371.032
749.968 357.96
750.88 354.312
750.272 357.656
758.936 361.304
750.88 351.272
759.544 398.088
716.68 398.088
724.584 401.432
734.92 407.816
666.976 421.496
666.216 428.184
679.136 438.216
696.464 464.664
688.56 454.936
755.592 471.352
759.24 461.32
749.664 471.656
738.112 444.6
746.928 441.56
739.48 424.536
800.736 327.864
806.512 257.336
806.512 257.64
756.048 394.44
806.36 264.328
674.88 431.528
793.744 230.584
787.208 344.584
757.872 431.224
776.568 337.896
799.52 340.936
729.6 441.256
829.312 301.112
729.6 441.56
656.792 448.248
831.744 307.8
770.944 304.456
696.312 471.656
787.208 347.928
773.224 317.528
767.144 294.12
797.392 197.144
796.632 190.76
800.128 233.928
802.408 190.76
813.352 227.24
798.0 243.96
795.416 247.304
806.664 270.712
813.048 317.528
732.792 424.84
748.752 427.88
740.544 421.496
804.992 307.496
790.856 307.8
765.624 314.184
799.824 344.584
804.688 193.8
799.976 200.792
802.712 210.52
803.32 197.448
803.168 200.488
834.936 210.52
822.928 210.824
828.096 214.168
827.792 213.864
820.344 220.552
808.184 210.52
833.568 220.856
832.808 213.864
826.12 217.512
829.008 210.824
812.744 314.488
815.176 327.864
782.192 297.768
777.176 304.152
778.848 243.96
772.616 457.976
748.448 468.312
696.008 417.848
759.696 464.968
749.512 471.352
760.608 468.312
779.152 317.832
787.664 350.968
806.056 347.928
798.152 347.928
802.104 310.84
791.768 321.176
773.224 317.832
794.2 324.216
842.536 330.904
847.552 344.28
843.6 354.312
765.928 270.712
794.352 314.488
778.088 307.496
810.464 214.168
806.208 223.896
821.256 217.208
804.536 194.104
815.176 220.552
813.656 224.2
810.616 240.92
779.0 237.272
831.744 354.616
781.736 257.336
781.888 260.68
834.328 361.304
839.04 351.272
836.608 357.656
777.176 253.992
774.136 257.336
824.144 354.616
826.576 357.96
846.792 327.864
777.176 250.952
849.376 341.24
811.68 297.768
846.792 334.552
849.376 337.592
859.864 324.52
796.48 271.016
794.96 270.712
766.84 267.672
841.472 284.392
841.016 281.048
846.64 284.392
856.52 327.56
854.392 340.936
853.784 337.592
854.848 331.208
857.584 334.248
848.92 331.208
782.192 260.984
801.8 190.456
798.456 234.232
797.696 237.576
803.168 187.416
854.696 284.088
852.112 287.432
824.296 344.28
844.36 354.616
836.608 357.96
861.992 327.864
860.32 331.208
859.864 330.904
861.992 327.56
808.184 294.424
822.624 297.464
857.28 324.216
858.192 321.176
807.12 344.28
834.784 310.84
840.56 314.488
778.088 254.296
796.632 190.456
797.24 194.104
797.088 197.448
806.056 337.592
810.16 260.68
814.568 257.336
815.936 254.296
811.984 257.64
798.76 237.272
806.208 334.248
817.304 344.584
851.96 327.864
807.272 271.016
811.68 334.248
775.504 300.808
815.176 344.28
807.424 337.896
815.328 341.24
775.808 294.424
775.656 297.768
779.0 301.112
831.288 294.12
844.36 321.176
834.936 311.144
841.472 314.184
840.104 320.872
829.312 300.808
815.936 294.424
808.032 297.464
837.824 284.392
849.072 284.088
805.144 267.368
803.776 267.672
824.448 344.584
825.664 347.928
788.576 253.992
793.592 260.984
792.68 264.024
846.032 334.248
842.384 331.208
801.8 271.016
767.6 264.328
765.168 294.424
844.056 324.216
786.904 260.68
838.28 354.312
846.032 347.624
827.488 351.272
773.072 253.992
774.136 257.64
788.88 260.984
786.904 264.024
773.072 264.024
773.376 260.984
851.808 284.392
831.744 357.96
829.768 357.656
765.928 451.288
765.928 447.944
773.984 438.216
775.96 441.56
765.624 437.912
782.648 233.928
793.896 227.544
777.784 227.24
783.56 230.584
787.36 233.928
669.56 468.312
666.672 475.0
668.344 471.656
662.112 471.656
661.048 474.696
663.48 471.352
661.504 478.04
721.392 451.592
722.912 451.288
722.912 448.248
721.24 454.632
719.72 444.904
719.568 441.56
720.784 454.936
716.224 458.28
714.4 464.968
717.44 461.624
715.008 457.976
720.784 457.976
714.552 454.936
716.224 461.32
711.968 468.008
717.896 464.664
697.832 468.312
704.672 468.312
691.752 468.008
697.224 464.968
692.36 471.352
699.504 468.008
697.832 471.352
692.056 468.312
705.432 468.008
705.28 464.968
704.368 478.04
702.088 471.656
704.368 475.0
704.368 474.696
705.584 471.352
760.608 458.28
749.208 464.664
740.544 458.28
740.696 461.624
752.552 461.624
747.688 464.968
741.0 464.664
746.624 461.624
752.552 461.32
746.928 461.32
740.696 457.976
740.696 454.936
752.856 454.936
751.64 458.28
741.304 461.32
759.088 457.976
748.144 468.008
759.696 468.008
755.744 471.656
761.52 471.656
758.176 461.624
753.92 464.968
725.8 444.6
732.032 444.6
736.136 441.56
755.744 444.6
753.312 441.56
749.968 444.6
786.904 471.656
785.992 468.008
783.256 461.32
784.168 464.664
787.36 468.312
766.536 457.976
763.8 454.632
788.272 461.624
787.36 464.968
781.888 461.624
780.368 458.28
788.12 461.32
774.592 458.28
753.464 434.872
758.024 437.912
744.344 424.536
732.488 427.88
735.528 417.848
748.448 424.84
749.664 431.224
732.64 421.496
733.856 418.152
782.496 434.872
787.056 444.6
777.48 441.256
701.328 424.536
696.008 421.496
690.536 418.152
701.784 421.496
694.944 424.536
694.792 427.88
689.928 411.464
695.856 411.464
694.792 424.84
696.16 414.504
696.312 418.152
693.424 421.192
689.776 414.808
714.096 424.84
714.856 421.496
721.392 431.224
721.24 424.536
719.872 424.84
721.088 421.496
717.896 427.88
714.248 421.192
721.544 434.872
721.24 428.184
721.544 434.568
721.24 431.528
723.824 438.216
721.848 437.912
709.84 424.536
708.32 424.84
666.976 424.536
666.064 424.84
676.704 431.224
671.992 427.88
671.84 424.84
669.408 431.224
666.824 421.192
665.76 431.224
671.992 428.184
676.552 437.912
676.4 434.568
703.152 438.216
700.264 437.912
690.688 437.912
694.336 437.912
694.488 431.224
694.488 434.568
694.792 428.184
691.904 431.528
707.256 447.944
711.512 441.56
688.712 434.568
694.64 434.872
707.864 444.904
702.848 441.56
702.696 441.256
703.304 444.6
658.464 451.592
656.64 447.944
658.312 444.904
662.72 447.944
660.896 451.288
660.744 454.632
659.528 454.936
676.552 451.288
678.984 448.248
663.936 444.904
666.976 448.248
679.136 451.592
679.896 454.632
671.232 448.248
668.952 447.944
697.072 457.976
696.008 461.624
701.024 451.592
701.176 451.288
701.784 448.248
697.072 454.936
697.68 461.32
697.224 454.632
691.904 461.624
691.296 454.632
690.536 457.976
682.48 454.936
682.784 457.976
689.016 458.28
677.008 461.624
680.656 461.32
670.168 478.344
672.448 468.008
678.376 458.28
668.192 478.04
668.952 474.696
669.56 471.352
803.32 297.768
775.352 247.608
790.856 244.264
773.224 250.648
795.72 250.648
781.888 240.616
781.28 237.576
780.52 364.344
780.216 364.648
765.168 361.304
770.944 361.304
769.12 364.648
773.832 367.688
761.976 354.616
752.096 367.992
756.656 357.96
754.224 357.656
759.696 397.784
759.24 394.744
754.832 397.784
751.64 384.712
751.336 391.4
759.848 391.096
761.976 391.4
751.336 384.408
755.136 394.744
748.904 388.056
751.488 387.752
751.336 381.368
754.376 391.096
756.656 388.056
714.4 397.784
712.272 394.744
723.216 401.128
723.976 387.752
723.368 391.096
722.912 388.056
723.368 391.4
723.064 398.088
716.68 401.128
722.76 404.472
719.112 404.776
717.744 394.744
723.368 394.744
723.368 397.784
718.352 394.44
741.152 414.504
735.224 411.464
734.768 408.12
735.224 411.16
738.72 408.12
741.152 411.464
737.96 414.808
735.072 414.504
729.296 407.816
729.752 404.776
728.232 401.432
729.296 401.128
729.144 408.12
730.664 404.472
689.928 417.848
682.176 249.28
841.624 451.288
836.304 468.008
848.312 421.192
852.416 384.712
838.736 447.944
843.752 434.568
835.848 444.904
848.616 377.72
851.352 397.784
848.008 454.936
853.784 461.624
852.112 451.592
841.168 464.664
846.792 468.008
836.76 471.352
760.76 418.152
854.392 444.6
854.088 434.872
854.544 441.56
850.592 431.528
849.528 437.912
858.192 391.096
848.16 434.568
857.128 364.344
856.672 371.032
856.976 367.688
854.544 351.272
851.96 357.96
753.312 337.592
843.448 454.936
837.064 448.248
848.312 468.312
848.16 471.352
836.912 444.6
852.112 381.064
844.664 364.344
853.024 377.72
854.088 391.4
852.416 378.024
854.696 381.368
852.872 468.008
840.256 464.968
858.952 388.056
856.064 371.336
852.72 354.312
850.136 357.656
850.896 371.032
848.16 364.648
841.32 451.592
843.6 461.624
848.312 464.968
853.936 458.28
862.144 391.096
842.688 364.648
837.672 374.68
837.368 441.256
836.76 468.312
851.504 394.44
861.384 394.44
862.448 391.4
839.04 454.632
853.024 374.68
853.176 388.056
852.264 387.752
848.92 361.304
849.072 457.976
845.424 367.992
838.432 367.992
839.648 381.064
838.888 364.648
852.416 454.632
843.144 444.904
847.704 454.632
835.544 451.288
840.864 457.976
836.152 447.944
853.48 461.32
859.104 384.408
858.192 378.024
848.464 367.688
850.896 364.344
844.664 361.0
844.056 357.96
851.048 464.664
855.912 427.88
859.56 444.904
869.136 427.88
571.824 371.336
284.24 277.704
264.328 280.744
858.04 451.592
860.32 438.216
860.32 441.56
869.136 431.224
270.56 337.896
171.76 357.656
859.408 447.944
855.304 451.288
238.336 277.4
253.384 264.024
639.464 163.704
391.552 317.832
560.88 274.056
253.84 284.088
222.224 384.408
366.928 297.768
637.184 243.96
552.672 277.704
173.432 324.216
222.072 387.752
201.856 324.216
404.32 304.456
240.464 297.768
315.856 374.376
199.12 321.176
189.392 314.488
859.56 454.936
263.568 284.392
263.568 287.736
241.072 301.112
260.072 274.056
347.168 254.296
257.944 284.392
234.84 290.776
147.896 367.688
236.512 284.392
278.768 287.736
326.496 330.904
259.008 344.28
248.672 354.312
246.696 357.96
243.504 364.648
340.936 314.184
387.752 294.12
221.464 388.056
639.92 213.864
596.752 388.056
407.816 284.088
309.472 361.304
330.752 330.904
614.536 174.04
532.76 378.024
621.832 284.392
276.032 347.928
605.872 364.648
401.736 344.584
275.424 277.4
656.944 153.672
456.608 384.408
217.208 357.96
277.704 344.28
348.08 324.52
430.768 230.888
389.272 274.36
248.064 290.776
257.336 347.928
645.544 210.52
859.864 461.32
232.104 307.496
368.6 374.68
222.224 384.712
472.264 223.896
333.184 271.016
295.944 260.984
385.776 374.376
254.296 281.048
177.992 351.272
429.096 260.68
343.368 274.056
862.6 234.232
261.136 307.8
405.232 347.624
179.664 310.84
394.744 267.672
447.64 230.888
346.104 314.488
167.808 320.872
414.656 311.144
245.784 291.08
371.032 324.216
318.744 330.904
231.8 304.456
311.6 274.36
301.112 290.776
321.176 327.56
295.488 260.68
221.616 344.28
137.408 334.248
369.36 320.872
293.816 301.112
198.056 320.872
298.376 297.768
390.032 271.016
246.696 274.056
194.864 364.344
314.488 330.904
283.024 277.4
178.6 311.144
422.56 317.832
240.008 297.464
321.024 324.216
309.624 327.864
343.824 364.344
202.16 347.928
309.928 327.56
259.616 284.088
278.768 267.368
605.264 167.048
200.184 347.624
235.296 287.432
271.776 294.12
659.376 264.024
295.336 267.368
246.544 300.808
148.504 364.344
194.256 340.936
347.32 250.952
178.904 330.904
272.536 277.704
236.056 264.024
238.944 284.088
325.432 257.64
200.944 334.248
252.472 287.736
236.056 294.12
193.344 344.28
263.416 310.84
184.376 330.904
231.648 274.36
246.696 271.016
389.728 277.4
539.296 364.648
431.072 247.304
143.944 371.336
142.88 344.28
145.616 364.648
663.936 481.384
341.24 320.872
227.24 291.08
348.08 327.56
284.848 274.056
247.0 304.456
231.952 260.68
282.872 271.016
657.704 150.632
245.328 304.152
279.528 274.36
453.416 247.608
455.392 240.616
436.392 271.016
453.568 247.304
220.4 291.08
236.36 260.984
222.528 294.424
224.2 314.184
216.6 317.528
192.128 311.144
385.624 374.68
236.36 307.496
223.896 300.808
198.208 311.144
229.672 314.488
229.672 314.184
860.168 471.656
20.976 374.68
859.56 437.912
859.712 448.248
21.584 378.024
859.864 441.256
859.864 434.872
869.136 424.536
110.2 371.032
860.472 451.288
860.32 444.6
859.408 431.528
861.536 424.536
92.112 381.064
860.32 427.88
93.48 374.376
858.952 431.224
860.776 484.728
92.112 378.024
42.256 378.024
857.28 414.504
859.408 401.128
859.408 404.776
859.408 404.472
857.584 411.16
612.256 371.032
856.976 417.848
139.384 371.336
869.44 485.032
854.24 471.352
853.784 471.656
856.064 468.312
869.44 474.696
853.024 464.968
869.592 478.344
859.256 454.632
139.232 367.992
859.864 408.12
856.824 414.808
860.624 398.088
856.52 424.84
857.432 407.816
246.696 274.36
614.688 170.696
412.984 310.84
855.0 428.184
405.992 307.496
422.408 320.872
859.712 264.024
239.552 281.048
241.832 280.744
859.104 464.664
859.712 468.008
857.28 457.976
227.544 290.776
165.072 317.528
346.104 317.528
643.416 290.776
648.736 287.432
380.152 307.496
858.496 237.576
212.04 324.216
269.952 297.464
230.28 260.984
227.544 280.744
193.8 341.24
228.304 277.4
860.32 471.352
861.384 458.28
227.696 274.056
349.6 314.184
223.896 317.528
240.768 274.056
247.456 277.704
859.104 461.624
859.712 464.968
853.328 481.384
554.496 227.24
569.392 474.696
348.232 327.864
208.088 327.864
569.392 441.256
860.776 428.184
859.712 418.152
234.536 354.312
568.936 464.664
569.696 457.976
273.6 274.056
353.096 311.144
869.136 468.312
860.168 421.496
569.544 451.592
860.32 468.312
568.176 431.528
857.888 421.192
407.968 307.8
222.832 297.464
662.568 484.728
569.544 444.6
257.032 264.024
860.624 478.344
254.144 260.984
274.664 274.36
862.144 257.64
857.432 267.368
234.688 287.736
855.304 274.056
861.536 281.048
855.152 270.712
858.648 244.264
860.928 271.016
854.24 274.36
861.08 277.704
849.832 277.4
861.992 254.296
856.064 257.336
861.232 274.36
237.424 277.704
854.848 267.672
856.368 260.984
856.216 253.992
137.256 351.272
143.032 364.344
143.792 354.616
135.128 344.584
142.424 347.624
301.72 344.28
331.816 321.176
306.28 344.28
301.264 347.624
365.56 340.936
362.064 337.592
310.536 347.624
362.52 334.248
319.656 341.24
370.424 340.936
326.344 341.24
357.808 337.592
315.4 341.24
303.544 324.216
307.648 344.584
362.216 337.896
319.504 337.896
322.24 340.936
304.912 324.216
314.184 324.52
310.992 321.176
341.088 344.584
318.136 347.928
342.912 344.28
318.744 320.872
318.744 347.624
305.824 334.552
333.792 321.176
313.12 320.872
325.128 324.216
317.528 320.872
326.04 347.624
135.128 347.624
142.88 341.24
138.168 337.896
144.248 354.312
281.352 344.584
248.52 347.928
280.288 347.624
247.456 354.312
297.008 341.24
245.024 357.656
297.464 344.28
234.992 357.96
251.712 344.28
288.648 344.584
254.752 347.624
259.008 354.312
252.472 357.656
266.912 347.928
284.696 340.936
243.2 354.312
516.344 320.872
508.896 320.872
508.136 317.528
532.152 331.208
532.456 334.552
528.2 324.52
529.416 321.176
541.12 337.592
538.536 334.552
586.416 180.424
586.112 183.768
585.352 187.112
593.408 177.384
490.656 327.56
516.496 337.592
524.248 327.864
516.648 327.56
513.76 340.936
516.648 331.208
574.256 194.104
569.392 203.832
476.672 330.904
477.28 327.56
474.392 324.216
481.08 330.904
492.632 334.248
493.392 334.552
476.976 344.28
545.072 250.952
627.912 210.824
432.44 378.024
311.752 284.392
431.224 377.72
533.672 344.584
524.704 367.992
385.928 381.064
322.848 274.36
271.472 354.312
390.336 330.904
207.328 327.56
438.52 384.712
408.88 337.592
419.976 374.68
317.68 357.96
366.016 277.4
413.136 301.112
180.576 367.992
355.528 377.72
278.92 307.8
395.504 314.184
425.296 377.72
369.208 384.408
406.448 321.176
419.824 337.896
262.808 281.048
158.536 331.208
263.264 267.368
196.688 361.304
508.592 374.376
194.408 354.616
279.528 304.456
249.28 321.176
597.664 157.016
503.12 197.144
581.552 340.936
452.352 254.296
260.528 264.328
567.568 334.248
575.32 307.496
616.664 193.8
598.424 344.28
568.176 331.208
446.576 301.112
392.616 361.0
277.096 388.056
355.832 378.024
658.312 468.312
658.008 471.656
365.256 327.864
568.024 340.936
383.952 367.688
661.656 491.72
417.24 253.992
518.32 351.272
641.136 203.832
644.784 204.136
645.544 210.824
429.552 297.768
435.936 301.112
648.584 190.76
464.512 227.24
446.88 304.152
429.096 314.184
534.584 371.336
446.88 314.488
445.816 317.528
550.24 377.72
551.0 378.024
645.544 174.04
497.952 223.896
560.728 361.304
665.608 167.352
455.696 307.8
546.44 361.304
546.592 364.648
556.776 354.616
664.696 153.672
469.376 314.488
456.76 304.456
461.776 300.808
461.016 304.152
469.984 310.84
547.504 347.928
671.992 167.352
683.544 164.008
492.784 207.48
488.528 200.792
490.808 203.832
472.568 297.768
466.184 300.808
476.216 311.144
472.72 297.464
466.184 297.464
557.992 334.248
555.104 341.24
555.864 340.936
556.776 337.592
556.776 330.904
556.168 334.552
556.168 337.896
555.104 344.584
675.488 177.384
682.176 177.08
675.336 177.08
492.936 294.12
491.264 294.424
485.184 307.496
490.96 304.152
494.608 307.496
490.96 301.112
570.0 347.624
576.08 344.584
568.024 337.896
655.272 183.768
656.944 184.072
636.728 190.76
636.728 187.112
637.184 190.456
536.256 291.08
559.36 304.152
572.432 310.84
624.416 180.424
618.64 180.424
435.176 247.304
445.36 250.952
529.416 304.152
526.984 301.112
529.872 314.488
529.416 307.496
530.024 317.832
551.912 324.52
558.144 327.56
557.992 324.216
545.376 317.528
551.608 321.176
542.336 311.144
547.2 320.872
606.48 190.456
598.728 180.424
605.112 177.384
604.352 183.768
507.984 314.184
507.528 311.144
507.984 307.8
500.84 307.8
594.32 290.776
467.4 277.4
468.768 277.704
475.456 277.704
617.728 297.768
594.928 304.456
594.32 300.808
591.736 304.152
463.144 264.024
446.576 274.056
590.368 350.968
584.288 354.312
583.68 350.968
608.152 327.56
610.584 321.176
594.776 307.8
627.304 217.208
644.328 227.544
580.792 337.592
588.24 337.896
590.52 334.552
608.0 330.904
595.992 340.936
598.12 334.248
597.208 337.592
594.928 334.552
650.712 224.2
469.072 254.296
585.2 317.528
573.344 294.12
573.344 284.088
573.192 300.808
593.408 361.0
504.336 240.616
528.048 230.584
590.824 378.024
605.112 381.064
662.568 177.08
582.616 367.992
585.048 364.648
590.064 364.344
647.064 160.664
656.944 160.36
658.92 157.016
468.768 287.736
567.72 367.688
570.608 364.344
583.68 351.272
578.056 354.616
638.248 160.664
554.496 224.2
447.336 287.432
562.552 354.616
563.16 354.312
621.224 150.328
430.92 284.088
526.832 234.232
517.408 341.24
509.656 340.936
506.312 341.24
597.512 153.672
597.36 153.976
493.696 344.28
499.624 341.24
494.0 341.24
502.208 350.968
594.168 167.048
405.384 260.68
409.336 264.328
496.888 354.616
405.08 270.712
477.584 361.0
487.616 357.96
484.272 364.648
483.968 364.344
614.84 167.048
452.656 250.648
402.344 291.08
502.968 361.0
501.6 357.656
418.76 291.08
506.768 361.304
510.872 371.336
627.912 210.52
628.216 207.176
435.784 287.432
431.376 294.12
517.712 354.616
509.504 357.656
516.8 354.312
216.144 344.584
239.096 267.368
230.128 264.024
403.864 371.032
404.016 371.336
404.168 367.992
392.008 337.896
211.128 324.52
206.872 330.904
215.232 324.52
216.448 320.872
420.432 371.336
415.568 374.376
425.752 364.648
438.672 378.024
419.52 381.064
420.888 388.056
420.28 384.408
421.04 384.712
428.488 317.528
191.824 300.808
198.208 304.456
192.128 294.424
404.776 378.024
404.624 384.408
399.912 384.712
406.752 324.52
407.512 327.56
383.344 384.408
381.368 384.712
374.224 387.752
384.56 381.368
399.608 307.8
230.432 307.8
230.584 311.144
369.056 381.064
369.056 384.712
372.4 388.056
368.448 377.72
369.512 381.368
423.168 304.152
419.824 297.768
189.848 340.936
178.448 350.968
179.056 347.928
247.76 314.488
351.728 381.064
348.992 384.712
194.712 347.624
258.552 317.832
260.376 311.144
259.008 314.488
258.4 317.528
389.576 314.488
390.64 314.184
387.296 311.144
211.28 354.616
202.312 371.032
213.56 357.96
217.512 361.0
276.944 314.488
335.616 351.272
333.488 357.656
332.272 361.0
369.664 321.176
206.112 371.032
213.712 374.376
215.08 371.336
273.752 327.56
270.56 321.176
281.2 331.208
281.96 327.56
319.048 354.312
321.328 350.968
226.024 367.688
222.68 364.344
302.176 354.616
302.48 357.96
644.784 277.4
621.224 347.624
615.752 347.928
166.896 314.184
165.376 314.488
269.344 304.456
284.848 364.648
284.696 367.688
285.76 357.656
284.848 361.304
285.912 361.0
285.0 364.344
289.56 371.032
346.712 257.64
182.704 304.152
176.776 324.52
271.928 291.08
272.688 357.656
336.376 267.368
335.616 264.328
332.576 264.024
331.208 257.64
190.304 317.832
289.104 284.088
254.448 357.96
320.264 277.4
328.624 274.056
271.168 367.992
270.256 371.032
259.008 378.024
267.064 377.72
337.288 284.392
333.792 277.704
331.664 284.392
297.16 274.056
296.4 284.088
297.312 277.704
297.464 271.016
297.312 277.4
284.088 374.376
283.784 381.064
283.024 377.72
346.256 267.672
348.84 274.056
222.68 321.176
228.912 331.208
226.024 330.904
220.704 324.52
221.312 324.216
311.448 274.056
301.568 374.68
358.872 277.704
240.616 330.904
232.56 321.176
231.8 317.528
226.328 317.832
234.384 324.52
236.968 327.56
316.16 377.72
313.728 381.368
313.576 388.056
313.88 384.712
344.432 287.432
340.936 290.776
252.472 317.832
323.608 377.72
338.352 388.056
329.84 381.064
343.064 300.808
354.008 301.112
253.992 337.896
266.456 260.68
242.592 341.24
258.4 280.744
367.232 371.032
366.928 367.688
229.216 341.24
229.52 347.624
384.256 364.344
384.712 371.032
384.56 371.336
377.872 331.208
376.656 340.936
215.84 344.28
215.384 347.624
240.16 367.992
243.808 371.336
244.416 371.032
342.0 334.248
510.568 384.712
501.296 381.064
470.44 364.344
469.832 357.656
474.392 354.312
228.76 378.024
237.12 388.056
241.68 384.712
305.824 340.936
311.752 337.896
481.08 378.024
449.16 361.0
456.304 354.312
215.536 388.056
221.768 381.368
221.92 378.024
287.28 327.864
287.584 330.904
464.968 384.712
466.184 377.72
464.36 374.68
458.736 384.712
442.016 350.968
439.888 347.624
443.384 361.0
202.008 374.68
290.624 317.528
456.76 367.688
457.52 371.032
448.096 381.064
295.64 304.152
442.928 364.344
401.736 344.28
180.576 374.376
193.192 377.72
193.648 374.68
302.784 317.832
308.712 314.184
312.968 300.808
311.144 307.8
423.168 354.616
426.968 364.344
386.992 327.56
313.576 304.152
326.344 311.144
407.968 354.312
407.664 347.928
386.232 300.808
374.528 310.84
177.384 361.304
177.84 361.0
180.12 354.616
177.84 364.648
177.08 357.96
319.656 304.152
321.632 297.768
334.096 307.496
331.968 304.152
392.464 347.928
391.096 354.616
366.928 294.12
367.08 294.424
177.688 387.752
167.808 377.72
168.72 384.408
171.0 384.712
170.544 381.064
170.696 387.752
334.856 290.776
379.088 344.28
374.984 344.584
319.504 284.088
321.632 280.744
358.72 357.96
358.568 354.616
357.808 351.272
166.592 357.656
164.312 341.24
158.992 334.552
171.0 330.904
295.64 371.032
301.568 371.032
368.6 254.296
362.672 254.296
357.504 264.024
470.744 361.304
641.592 200.488
371.944 341.24
268.888 297.768
617.12 187.416
362.216 361.0
170.696 347.928
367.08 311.144
208.544 344.28
207.024 384.712
682.024 180.424
214.624 337.896
419.368 287.736
484.272 224.2
582.616 193.8
485.184 210.824
244.872 334.248
507.528 200.488
366.776 257.336
479.104 213.864
403.256 271.016
672.144 160.36
384.408 388.056
420.128 294.424
334.248 304.456
375.592 291.08
228.456 337.896
210.064 311.144
272.536 361.0
576.384 347.624
310.232 294.424
310.08 334.552
545.376 341.24
408.728 351.272
539.296 367.688
343.976 361.0
215.536 314.488
343.672 364.648
346.712 253.992
507.528 200.792
392.16 351.272
264.632 300.808
406.296 331.208
344.28 354.616
319.352 277.704
397.48 271.016
418.76 340.936
467.248 317.528
445.36 224.2
350.512 371.336
428.488 317.832
487.616 314.488
366.168 291.08
491.872 204.136
301.568 374.376
373.312 274.36
362.672 253.992
215.992 387.752
191.216 367.688
431.984 260.984
558.6 347.928
232.408 320.872
383.648 361.304
390.184 374.376
351.88 378.024
529.872 310.84
334.704 374.68
170.696 344.28
171.608 361.0
348.992 388.056
415.872 297.768
670.624 153.672
302.48 364.344
177.536 364.344
598.12 157.32
463.296 350.968
454.024 253.992
478.496 310.84
609.672 388.056
391.552 340.936
205.808 374.68
242.44 381.368
241.832 384.408
240.92 367.688
311.448 344.28
413.288 340.936
480.016 371.336
413.896 300.808
408.12 344.28
483.36 284.088
347.776 260.984
487.616 320.872
623.808 180.728
408.88 274.056
345.648 357.656
328.016 304.152
525.008 297.768
328.32 301.112
562.248 207.176
495.216 197.144
645.24 177.384
438.368 317.528
456.608 364.344
539.144 294.12
591.888 361.304
375.288 327.864
339.568 314.488
425.752 224.2
490.808 330.904
367.08 367.992
354.464 270.712
386.688 301.112
308.56 350.968
481.992 287.736
347.624 264.024
203.528 377.72
377.112 324.52
237.272 264.328
657.552 164.008
470.44 243.96
238.184 381.368
446.272 220.856
420.432 300.808
194.256 381.368
513.912 240.92
433.504 237.576
470.288 250.648
163.704 330.904
538.992 314.184
229.824 350.968
445.36 257.336
298.984 330.904
405.688 374.68
493.696 197.448
397.48 321.176
155.344 374.68
273.448 270.712
469.984 311.144
514.064 247.304
428.64 311.144
196.688 317.528
557.688 354.312
513.304 200.488
361.456 257.336
317.224 304.456
391.704 334.248
423.016 311.144
319.96 297.464
281.504 264.024
334.552 287.736
263.72 290.776
626.544 277.704
651.168 213.864
526.528 374.68
514.064 247.608
625.48 274.36
500.992 357.96
576.992 384.712
558.144 351.272
312.512 284.088
391.856 354.312
579.88 310.84
170.696 351.272
297.16 270.712
360.392 357.656
371.64 361.0
297.616 264.328
441.256 357.96
612.104 384.408
541.424 274.056
479.864 210.52
206.872 381.064
663.328 240.616
582.616 164.008
372.856 361.304
553.128 254.296
652.08 297.464
670.928 200.792
637.032 250.648
501.6 347.928
360.392 281.048
635.664 307.496
454.328 387.752
466.488 281.048
517.864 301.112
511.328 287.432
451.592 230.888
466.64 217.512
498.256 374.68
477.28 257.336
648.736 194.104
628.064 204.136
320.872 271.016
418.304 243.96
465.88 381.064
366.624 310.84
476.368 264.024
285.912 354.616
415.872 281.048
268.736 374.68
380.76 301.112
604.352 187.416
610.584 347.624
561.488 267.672
528.656 281.048
559.208 271.016
660.896 270.712
514.672 271.016
245.784 330.904
514.672 267.672
387.448 284.088
391.096 388.056
386.84 287.432
388.056 281.048
386.384 284.392
465.272 324.52
463.752 327.56
356.288 331.208
366.624 304.456
644.784 277.704
388.208 290.776
477.584 260.984
652.992 157.32
544.312 237.272
621.224 351.272
418.0 244.264
651.32 210.824
571.672 197.448
621.832 190.76
441.408 364.648
619.096 314.488
567.72 387.752
516.192 337.896
620.312 150.632
375.896 284.088
577.6 321.176
641.44 284.392
384.104 367.992
625.784 164.008
607.392 334.552
861.536 247.608
477.28 254.296
669.712 237.576
460.256 337.896
491.112 274.056
592.496 381.064
459.952 280.744
662.568 488.072
583.224 384.712
550.696 374.376
255.968 374.68
637.64 193.8
299.288 307.496
435.48 270.712
524.248 367.688
565.896 301.112
510.568 378.024
532.0 351.272
351.272 304.152
522.88 227.24
425.144 247.304
453.568 287.432
636.272 187.416
630.192 294.424
341.848 367.992
404.928 257.64
450.072 384.712
598.12 160.664
626.392 321.176
607.848 347.928
448.704 324.52
537.624 227.24
612.864 341.24
510.872 294.12
190.608 387.752
606.024 367.992
658.616 488.376
658.616 481.688
109.744 367.992
516.192 367.992
510.568 367.992
210.368 314.184
385.624 377.72
205.504 314.184
444.448 381.064
410.248 337.896
300.048 387.752
444.904 384.712
189.544 301.112
202.616 307.8
279.376 307.496
673.968 491.416
178.904 334.248
259.616 274.36
279.072 300.808
301.568 367.992
203.376 311.144
285.912 297.464
158.08 334.248
184.376 311.144
259.616 277.4
215.84 314.184
252.168 334.248
279.376 297.464
312.816 281.048
297.768 304.456
182.248 307.8
184.528 371.336
280.44 314.184
349.296 364.344
179.512 331.208
171.0 388.056
143.944 334.552
591.128 150.328
534.28 341.24
595.688 344.584
137.56 340.936
112.176 374.68
272.232 384.408
391.704 361.304
271.624 384.712
579.12 377.72
499.928 344.28
503.12 354.312
404.472 254.296
487.92 351.272
486.552 350.968
488.528 361.304
483.056 361.304
487.768 361.0
499.016 364.344
498.256 371.336
498.56 374.376
505.552 374.68
430.312 287.432
431.832 291.08
443.992 287.736
506.768 357.96
511.48 354.616
527.136 361.0
528.2 364.344
522.728 364.344
532.608 357.656
468.464 227.544
464.512 234.232
469.376 230.888
536.256 374.376
531.392 374.376
537.776 371.032
646.912 177.08
551.0 371.032
549.328 381.064
543.552 378.024
551.456 371.336
505.704 227.24
507.68 224.2
493.696 217.208
435.024 324.52
457.672 327.864
457.52 324.52
457.368 324.216
568.176 371.032
563.312 367.688
562.856 364.344
566.504 367.992
562.552 361.0
563.312 364.648
566.048 371.336
657.856 167.048
666.216 170.392
549.48 357.96
547.808 361.0
549.936 357.656
556.016 357.96
538.992 341.24
545.68 344.28
541.272 344.28
539.448 340.936
545.832 347.624
570.152 344.584
570.0 347.928
657.4 187.112
535.04 287.432
565.44 311.144
567.872 307.496
558.296 301.112
559.512 311.144
567.112 310.84
540.056 317.528
600.4 180.728
603.744 184.072
535.192 337.592
585.2 187.416
516.648 334.552
476.824 327.864
328.32 320.872
311.6 324.216
337.744 347.928
334.856 341.24
316.312 347.624
299.44 344.584
330.144 344.584
322.392 344.28
366.776 344.28
366.624 337.592
364.344 331.208
367.992 337.896
364.496 334.552
365.712 321.176
365.104 324.52
440.952 330.904
301.416 321.176
317.224 361.0
264.48 334.552
264.936 337.592
274.36 337.896
302.328 354.312
302.632 351.272
302.48 357.656
303.392 347.928
314.184 327.56
319.656 327.864
325.128 321.176
325.432 327.56
313.88 327.864
325.888 327.864
333.184 331.208
335.464 330.904
248.064 361.0
247.0 354.616
222.072 361.304
229.368 357.96
241.528 361.0
241.984 357.96
238.944 364.648
241.224 361.304
266.304 347.624
261.592 347.928
252.472 344.584
253.08 341.24
268.432 341.24
269.952 344.28
251.256 350.968
261.288 350.968
288.8 344.28
292.752 344.584
284.848 354.312
289.864 347.624
254.904 354.616
284.848 347.928
293.816 347.624
276.64 350.968
552.976 257.336
625.176 320.872
625.632 350.968
612.256 294.12
605.72 287.432
613.168 361.304
612.256 297.464
617.576 301.112
598.88 304.152
637.336 230.888
453.872 274.056
454.936 271.016
609.52 317.832
611.648 314.488
603.744 317.528
602.224 314.488
595.384 314.184
637.032 220.552
591.736 337.592
601.312 334.552
609.976 350.968
605.112 347.624
573.192 297.464
597.208 357.96
595.08 357.656
605.416 364.344
600.704 361.304
597.816 361.0
595.08 354.616
676.856 204.136
560.576 277.4
524.856 230.888
522.272 284.088
522.576 277.704
522.12 280.744
529.568 274.36
514.824 281.048
652.536 160.664
571.824 361.304
575.168 351.272
637.792 153.672
562.096 357.656
562.4 357.96
622.744 160.664
626.848 163.704
516.496 347.624
516.496 350.968
516.8 347.928
516.8 344.584
591.28 153.672
330.144 388.056
330.6 384.712
330.904 387.752
331.056 384.408
343.52 304.152
351.88 304.456
339.416 304.152
256.424 337.592
252.016 334.552
234.992 337.896
240.312 344.28
264.024 277.704
376.352 334.248
376.504 337.896
386.384 327.864
214.776 350.968
404.168 364.344
403.712 367.688
426.208 367.992
420.432 367.992
420.736 367.688
428.032 367.688
205.352 310.84
426.968 381.064
419.976 381.368
192.888 297.768
197.752 301.112
192.28 294.12
247.304 301.112
239.096 300.808
391.704 387.752
406.752 324.216
400.976 317.832
196.536 317.832
190.608 317.528
177.84 334.552
184.528 334.248
186.352 337.592
188.024 341.24
180.88 347.624
184.984 344.28
245.024 307.496
246.544 314.184
244.264 310.84
244.416 307.8
348.536 387.752
349.6 384.408
399.76 304.456
399.304 304.152
392.008 297.768
398.24 300.808
266.608 307.8
340.176 371.336
336.376 374.376
331.36 371.336
342.76 371.032
380.152 307.8
276.488 311.144
280.744 317.528
280.592 320.872
280.592 314.488
262.048 324.216
259.768 320.872
338.96 357.656
324.672 361.0
214.928 374.68
212.192 371.032
210.824 367.992
270.256 324.52
269.344 324.216
280.744 330.904
280.592 327.864
376.048 354.616
375.592 351.272
325.736 284.392
312.968 280.744
357.048 347.928
165.68 354.616
158.536 357.656
158.992 354.616
152.152 354.616
152.608 354.312
168.72 354.312
297.92 284.392
298.832 287.432
300.2 287.736
309.776 297.464
304.76 294.12
304.304 294.424
343.368 357.96
159.448 337.896
292.296 297.464
293.36 300.808
286.976 294.424
286.976 291.08
286.672 287.736
318.136 371.032
317.832 367.992
318.136 371.336
279.528 304.152
292.904 371.336
302.024 367.688
263.416 307.496
264.024 301.112
272.536 364.344
272.232 361.304
331.208 260.984
330.448 257.336
190.304 321.176
180.424 327.56
190.304 320.872
182.704 324.52
178.448 327.864
171.608 327.864
284.696 290.776
278.008 294.424
278.464 290.776
277.856 294.12
278.768 291.08
257.488 367.688
254.904 364.648
327.408 271.016
200.944 334.552
196.992 337.592
268.128 381.064
266.0 378.024
333.336 274.056
296.856 281.048
283.024 374.68
346.104 270.712
234.688 331.208
313.728 267.672
312.056 270.712
313.424 271.016
310.688 264.024
313.424 264.328
311.6 267.368
300.048 384.712
300.504 384.408
299.896 381.368
361.304 284.088
295.64 257.64
295.944 257.336
295.488 264.024
295.032 267.672
313.424 387.752
314.64 381.064
355.376 294.12
251.864 324.216
253.08 320.872
245.328 327.56
243.808 327.864
284.696 270.712
392.464 347.624
355.832 334.552
183.16 344.584
243.96 311.144
360.544 361.304
407.664 334.248
548.416 384.712
270.864 388.056
577.6 381.064
577.6 378.024
243.96 374.376
245.784 367.992
336.984 350.968
340.176 334.552
335.92 337.592
348.536 331.208
500.688 387.752
501.752 381.368
463.6 364.344
463.448 361.304
226.328 381.064
238.184 384.408
236.512 387.752
235.448 384.712
314.336 331.208
308.864 334.248
311.904 337.592
305.976 337.592
480.928 374.68
480.624 377.72
481.688 381.064
481.232 384.408
480.016 381.368
480.928 384.712
487.464 381.064
455.088 361.0
299.592 324.52
298.072 327.56
293.512 330.904
288.04 337.592
287.888 334.248
440.192 357.656
440.192 354.312
442.016 347.928
298.376 314.488
297.464 317.528
288.648 317.832
288.8 314.184
297.92 317.832
290.168 314.488
297.92 300.808
291.84 304.456
305.216 300.808
302.936 297.768
440.648 367.992
183.008 371.032
305.52 317.528
306.584 314.488
311.752 304.456
311.6 310.84
425.296 357.656
391.856 320.872
395.808 320.872
391.552 321.176
331.816 314.488
330.904 317.528
327.408 314.184
320.872 314.488
320.872 314.184
408.576 350.968
408.424 354.616
406.6 357.656
406.752 361.0
407.208 357.96
321.936 301.112
393.224 344.584
392.616 350.968
376.656 290.776
376.96 287.736
370.12 291.08
170.544 381.368
321.176 294.12
319.808 294.424
329.384 291.08
329.232 287.432
373.008 344.28
375.592 354.312
375.896 350.968
514.064 267.368
547.352 384.408
650.864 287.736
523.792 364.648
855.0 250.648
165.984 317.832
545.832 344.584
302.632 364.648
682.328 174.04
590.976 354.312
421.8 364.648
336.832 354.312
517.104 344.28
663.784 213.864
516.192 324.216
461.472 301.112
532.0 240.92
620.616 153.672
168.568 341.24
449.16 291.08
190.608 337.896
543.096 224.2
487.464 310.84
625.176 354.312
380.456 310.84
394.288 344.28
642.2 197.144
612.256 300.808
678.68 183.768
423.168 314.184
535.8 287.736
439.128 377.72
458.28 267.368
421.496 294.12
457.976 351.272
465.12 384.408
308.56 347.928
399.76 307.496
394.744 297.464
513.608 244.264
346.712 277.704
328.472 378.024
609.824 387.752
620.616 193.8
615.144 190.76
315.856 350.968
683.392 157.016
257.944 371.032
447.944 387.752
497.04 220.856
449.16 327.56
578.36 371.032
408.728 344.584
392.008 337.592
170.088 321.176
354.616 280.744
188.176 374.68
660.744 197.144
379.24 327.56
622.288 197.144
225.264 340.936
466.184 260.68
398.848 274.36
656.488 197.448
202.464 364.344
623.96 167.048
619.248 187.112
500.84 384.712
645.088 207.48
236.512 327.864
683.544 157.32
661.2 177.384
452.2 257.64
208.696 347.624
407.664 340.936
671.536 164.008
644.936 173.736
661.2 194.104
340.176 387.752
384.408 271.016
371.032 324.52
331.056 260.68
347.168 260.68
667.584 491.416
668.8 157.016
463.448 317.528
659.528 193.8
400.52 387.752
404.624 381.368
219.184 341.24
335.464 280.744
534.432 347.928
533.824 350.968
487.92 227.544
466.184 378.024
608.76 177.08
513.152 200.792
429.552 320.872
245.48 344.584
217.208 321.176
387.144 324.52
614.08 367.688
515.736 357.656
449.616 311.144
435.48 324.216
346.864 257.336
181.032 304.456
367.688 371.336
447.488 384.408
578.664 314.488
585.808 314.184
530.936 223.896
654.816 177.384
320.112 274.056
467.096 294.12
583.072 388.056
208.24 357.656
430.616 244.264
404.472 361.304
238.944 340.936
517.408 304.152
647.976 183.768
514.824 284.088
635.208 214.168
644.784 224.2
442.016 260.68
601.008 267.368
445.36 334.552
541.272 214.168
584.896 190.456
558.904 280.744
657.4 157.32
475.0 253.992
369.664 364.344
515.28 220.552
484.12 314.184
591.432 351.272
518.472 220.856
221.768 361.0
462.84 317.832
435.328 284.392
329.232 270.712
612.712 354.616
573.04 197.144
637.792 157.016
614.536 153.672
636.728 183.768
638.096 160.36
349.448 381.368
487.616 324.216
607.088 381.368
319.656 367.688
484.88 227.24
862.296 233.928
423.624 314.488
654.36 153.976
526.376 233.928
457.52 350.968
500.08 213.864
272.688 357.96
362.064 364.648
566.352 297.768
472.872 294.424
640.224 237.272
453.872 310.84
501.296 224.2
434.416 300.808
468.16 297.768
346.104 267.368
445.816 230.584
573.496 287.432
452.048 314.184
271.624 354.616
522.12 274.36
218.272 367.992
635.816 217.512
505.856 197.448
469.072 253.992
436.848 284.088
430.616 310.84
511.176 203.832
440.952 351.272
637.184 247.304
459.192 281.048
301.872 350.968
180.12 357.656
194.408 354.312
416.632 297.464
327.256 290.776
299.592 378.024
546.136 364.344
406.904 304.152
666.216 214.168
444.296 227.544
270.712 267.672
358.72 280.744
561.792 350.968
219.792 340.936
457.368 260.68
452.656 361.304
277.4 381.064
521.056 374.68
166.288 327.56
445.816 337.896
380.912 270.712
281.808 257.64
536.104 381.368
644.176 267.368
453.568 277.704
535.192 381.064
446.424 331.208
440.192 220.856
651.016 291.08
489.136 214.168
612.256 337.592
536.712 223.896
629.432 301.112
207.784 387.752
679.288 207.48
330.904 374.376
267.824 264.024
558.144 388.056
460.256 347.624
650.712 237.272
454.024 347.624
460.104 344.584
446.88 334.248
448.4 340.936
440.04 331.208
612.256 351.272
418.76 240.92
544.16 237.576
638.248 164.008
488.376 354.312
445.664 307.496
302.024 388.056
580.944 311.144
423.624 267.368
485.336 213.864
390.792 274.056
227.088 277.704
621.376 153.976
466.64 224.2
268.736 267.368
191.824 364.648
500.08 344.584
353.704 334.248
602.984 371.336
357.808 300.808
206.568 381.368
302.784 301.112
407.664 281.048
551.456 287.736
510.872 290.776
361.608 314.184
537.624 224.2
589.152 340.936
277.856 387.752
541.576 270.712
283.632 381.368
154.128 367.992
471.504 260.984
677.312 203.832
278.768 310.84
333.944 340.936
404.32 381.064
359.024 297.768
542.792 264.328
471.2 244.264
450.072 304.456
677.312 164.008
488.528 217.512
468.616 250.952
367.84 314.488
398.392 317.528
618.792 337.896
341.696 337.592
531.392 240.616
491.112 297.768
526.832 378.024
579.272 371.336
611.648 384.712
202.008 378.024
442.472 274.36
400.672 314.488
624.872 304.456
514.672 274.36
445.208 307.8
441.408 250.648
450.984 227.544
518.776 224.2
601.16 330.904
651.016 177.08
497.192 354.312
165.072 327.864
496.128 243.96
426.968 344.28
263.872 304.152
185.592 367.688
297.312 280.744
559.816 264.024
679.136 488.072
378.936 357.656
641.288 281.048
440.8 274.056
558.6 257.336
460.256 341.24
277.4 384.712
137.408 334.552
277.096 381.368
454.328 344.584
677.312 184.072
572.584 361.0
462.08 337.592
628.52 207.48
453.72 341.24
363.432 327.56
223.288 297.768
642.2 230.888
363.584 271.016
551.912 291.08
602.984 384.712
270.864 351.272
599.184 164.008
516.8 330.904
510.416 384.408
222.072 327.56
190.304 388.056
281.656 254.296
447.336 233.928
281.504 267.672
493.848 260.984
447.032 271.016
381.064 267.368
629.432 193.8
256.576 361.0
394.744 311.144
352.792 277.704
390.336 371.336
651.016 214.168
438.368 257.64
372.096 260.68
525.92 374.376
206.72 388.056
349.144 290.776
671.232 203.832
348.536 301.112
261.592 260.984
249.28 384.408
417.24 250.952
600.4 287.432
496.888 240.616
502.968 361.304
346.104 281.048
638.552 157.32
426.208 361.304
430.616 307.8
647.52 193.8
531.088 354.616
677.768 163.704
407.664 341.24
591.584 164.008
317.68 364.344
586.112 180.728
471.656 357.96
229.368 354.616
247.76 324.52
446.424 254.296
488.224 200.488
597.816 287.736
611.192 157.32
357.96 350.968
317.376 364.648
517.408 371.032
516.192 240.616
618.184 350.968
435.632 260.984
624.264 170.392
355.984 297.464
582.312 334.552
446.424 330.904
392.16 334.552
498.56 378.024
385.168 270.712
549.328 374.68
374.528 307.8
538.08 337.896
391.248 384.712
669.408 240.616
511.936 354.312
359.176 294.424
255.816 321.176
513.0 223.896
368.752 387.752
394.744 341.24
375.288 347.624
345.192 271.016
175.864 384.712
285.912 294.12
456.76 314.184
405.232 377.72
532.76 357.96
316.616 334.248
358.416 354.312
647.064 197.144
283.176 378.024
299.136 381.064
397.48 297.768
443.384 327.56
545.68 227.24
299.744 377.72
586.72 177.384
366.776 253.992
202.464 361.0
529.72 314.184
351.424 374.376
337.896 354.616
628.368 213.864
664.392 174.04
602.832 384.408
154.888 371.032
404.472 257.336
469.832 284.392
465.728 220.552
663.024 233.928
514.52 264.024
366.928 300.808
433.352 290.776
367.384 314.184
440.192 301.112
603.136 388.056
236.816 341.24
436.848 381.064
618.184 184.072
366.776 307.8
464.664 371.336
618.184 177.384
453.112 284.392
486.248 230.584
489.744 217.208
630.04 190.76
528.048 210.52
544.312 381.064
407.512 320.872
651.624 220.856
473.328 354.616
672.904 173.736
668.496 153.976
520.6 223.896
380.456 304.152
444.904 381.368
612.256 354.312
317.984 378.024
582.768 170.392
215.08 347.928
460.104 264.328
663.328 243.96
318.896 354.616
583.68 347.928
302.176 361.304
454.48 270.712
481.384 277.704
157.32 337.592
593.56 374.68
390.792 324.216
514.672 260.68
604.048 344.28
367.84 374.376
644.328 207.176
559.36 227.544
637.64 153.976
862.144 253.992
656.792 200.488
614.84 173.736
212.192 340.936
425.296 357.96
570.304 200.792
453.568 281.048
426.512 344.584
435.328 260.68
675.336 227.24
575.928 347.928
487.464 240.616
229.064 354.312
636.12 197.448
643.416 170.696
526.68 237.576
584.44 337.592
466.488 257.64
661.808 210.52
488.224 230.888
434.872 314.488
381.976 387.752
227.848 364.344
454.936 287.736
652.232 301.112
469.832 274.36
467.4 280.744
435.936 277.4
407.208 267.672
638.4 240.92
661.808 207.48
436.696 287.736
552.52 220.856
534.888 244.264
352.336 314.488
454.176 340.936
636.424 260.984
855.456 250.952
440.8 334.248
670.168 240.92
625.48 347.928
568.632 204.136
436.392 274.36
652.08 300.808
406.144 253.992
442.016 300.808
482.904 327.56
486.552 240.92
651.624 220.552
369.208 271.016
862.448 250.648
531.848 224.2
636.12 180.728
506.92 237.272
349.752 367.688
521.968 210.824
583.224 367.688
541.272 213.864
538.536 217.512
408.88 260.984
482.904 350.968
660.744 190.76
133.0 371.336
103.968 377.72
427.12 341.24
541.576 267.368
483.968 347.624
255.056 381.368
350.968 344.584
579.12 374.68
423.472 350.968
356.44 344.584
614.232 374.376
426.664 347.928
626.544 327.864
424.536 351.272
255.36 388.056
344.888 350.968
498.712 264.328
249.432 388.056
494.0 257.64
626.392 324.52
493.24 267.368
542.792 257.64
249.888 384.712
492.784 270.712
350.36 347.928
343.368 354.312
355.832 341.24
423.472 267.672
662.568 207.176
534.888 243.96
196.536 350.968
368.6 274.056
457.368 354.616
348.992 284.088
480.32 364.648
480.472 371.032
480.624 367.688
355.68 344.28
253.992 387.752
254.752 384.408
257.184 381.064
377.112 361.0
664.088 478.344
679.288 484.728
657.096 454.632
366.624 301.112
430.768 240.92
542.792 260.984
208.088 344.584
421.648 330.904
425.904 334.552
425.448 340.936
407.36 317.832
368.904 317.832
281.96 260.984
350.664 367.992
350.664 371.032
196.536 361.0
369.664 264.024
364.952 267.672
480.776 367.992
480.168 374.376
464.816 374.376
455.696 357.96
546.896 243.96
460.104 344.28
596.904 371.336
482.448 281.048
448.4 290.776
632.168 200.488
529.72 274.056
494.76 254.296
658.768 485.032
475.456 294.12
389.424 291.08
348.536 350.968
392.008 294.12
561.032 260.68
550.696 387.752
868.528 461.624
646.76 234.232
654.968 237.576
601.008 270.712
600.4 271.016
355.224 294.424
614.384 280.744
614.384 281.048
607.544 264.328
654.512 240.92
607.392 267.672
613.472 267.368
333.64 357.96
264.024 364.648
628.368 170.696
479.104 210.824
576.536 324.216
476.216 340.936
664.088 150.632
435.632 320.872
469.376 237.272
488.072 233.928
497.04 217.512
391.248 357.656
506.008 227.544
490.656 287.432
641.896 174.04
169.936 371.336
430.464 243.96
546.592 240.616
406.6 274.36
637.944 167.352
648.432 233.928
476.824 337.592
630.648 227.544
433.352 317.832
497.04 220.552
587.936 354.616
479.56 297.464
517.408 213.864
468.92 220.856
614.688 153.976
667.28 217.512
493.696 207.176
658.008 227.544
487.616 317.832
226.48 334.248
527.136 297.464
155.04 371.336
490.96 277.4
618.792 183.768
421.8 387.752
229.824 347.928
557.992 317.832
494.912 290.776
670.928 150.632
449.008 257.336
583.528 381.368
543.096 387.752
536.864 384.408
577.904 381.368
536.712 384.712
582.008 387.752
544.768 254.296
583.528 381.064
536.408 387.752
451.744 230.584
461.928 334.248
540.968 243.96
462.688 334.552
545.528 244.264
398.24 277.4
636.576 257.336
468.768 247.608
665.152 203.832
675.336 224.2
674.576 227.544
661.808 237.272
652.232 264.024
654.208 257.64
276.944 367.992
493.848 264.024
425.296 337.592
612.864 344.584
661.048 267.368
653.448 180.728
518.168 210.824
419.064 274.36
580.184 317.832
501.448 384.408
471.352 220.552
414.048 280.744
636.728 253.992
861.992 260.68
637.792 170.392
541.424 247.608
433.656 234.232
484.424 223.896
430.616 300.808
445.36 337.592
613.472 357.656
425.752 223.896
361.912 270.712
476.216 271.016
417.392 250.648
459.344 260.984
683.24 160.36
631.256 164.008
436.696 274.056
584.896 167.352
599.032 170.392
457.824 257.64
512.24 217.512
566.2 384.408
468.768 233.928
442.624 270.712
450.376 227.24
433.96 321.176
614.688 287.432
629.736 234.232
667.28 217.208
656.184 160.664
603.592 187.112
490.504 287.736
661.96 210.824
195.472 357.96
515.888 234.232
614.992 170.392
631.104 230.888
666.216 173.736
675.336 180.424
860.016 240.616
632.168 217.512
319.048 281.048
683.544 160.664
577.6 327.56
234.84 337.592
643.264 264.024
532.304 227.544
455.24 311.144
592.496 291.08
614.08 364.648
357.352 374.68
627.304 227.24
283.632 371.336
229.368 351.272
250.952 264.328
405.84 327.864
406.144 330.904
612.56 290.776
337.744 337.896
657.704 458.28
160.056 330.904
436.24 243.96
414.2 277.704
512.392 237.576
652.84 240.616
506.616 234.232
416.936 264.328
355.68 314.184
366.016 304.152
468.008 274.056
424.536 243.96
494.608 247.304
638.856 177.08
651.32 223.896
613.016 361.0
490.656 280.744
591.28 150.632
629.128 230.584
469.376 237.576
603.744 344.584
383.952 357.96
513.0 204.136
254.144 290.776
438.976 381.368
675.792 223.896
385.32 361.0
361.912 330.904
264.48 330.904
418.76 327.864
447.64 300.808
628.824 291.08
671.08 230.888
470.744 247.304
476.672 250.952
425.904 331.208
214.624 294.12
418.456 327.56
207.48 301.112
415.72 314.488
415.112 314.184
588.088 311.144
413.136 277.4
422.256 277.4
466.64 324.216
629.584 297.464
677.312 200.792
856.216 260.68
477.28 334.248
546.896 240.92
453.264 237.272
203.224 330.904
630.952 233.928
642.808 233.928
675.64 220.856
545.376 250.648
428.336 257.64
424.536 244.264
424.536 264.328
419.368 290.776
432.744 240.616
477.736 257.64
407.968 277.704
466.336 223.896
638.704 194.104
499.928 388.056
449.008 361.304
474.088 260.68
469.072 257.336
424.84 260.68
632.472 200.792
490.656 243.96
506.312 230.888
635.208 233.928
424.84 264.024
629.888 300.808
460.56 270.712
603.288 387.752
502.664 290.776
490.808 284.088
419.216 284.088
416.936 260.68
441.256 367.688
637.488 150.632
659.832 167.352
618.184 337.592
452.352 234.232
399.304 274.056
442.624 271.016
488.072 220.856
861.84 247.304
505.704 230.584
651.32 217.512
638.704 180.424
584.592 170.696
613.624 364.344
418.608 264.024
657.4 163.704
419.672 260.984
361.456 378.024
269.952 364.648
654.36 243.96
855.912 254.296
406.296 277.4
856.52 264.328
420.584 280.744
214.776 291.08
538.232 220.552
509.808 381.368
476.216 347.928
416.784 254.296
470.136 227.24
430.92 280.744
592.04 177.08
606.024 163.704
445.968 227.24
499.016 337.592
675.64 190.456
440.344 223.896
501.6 210.52
658.16 478.344
651.928 294.424
666.064 197.448
431.832 233.928
213.56 301.112
613.016 340.936
425.904 227.24
511.176 300.808
673.208 488.072
542.64 233.928
341.088 317.832
527.744 210.824
214.624 294.424
633.08 180.424
428.64 227.544
454.176 280.744
551.608 294.12
597.968 173.736
510.72 381.064
541.12 227.544
666.824 220.552
532.304 377.72
486.096 253.992
449.464 287.736
538.232 210.824
661.352 230.584
499.928 207.48
437.0 280.744
476.672 347.624
637.792 167.048
477.432 341.24
537.472 240.92
534.128 347.624
476.368 337.896
467.096 217.208
501.6 210.824
661.96 230.888
511.784 217.208
228.304 367.992
658.768 224.2
603.44 164.008
551.304 297.464
538.384 217.208
520.752 378.024
463.6 330.904
211.584 300.808
523.64 227.544
427.576 330.904
470.136 240.616
405.992 284.392
475.304 234.232
644.632 270.712
213.712 297.464
668.8 194.104
634.904 304.152
404.624 287.432
624.264 334.552
419.064 378.024
472.112 271.016
549.176 274.056
675.792 217.512
476.064 250.648
606.024 367.688
228.76 371.336
667.888 243.96
481.232 234.232
427.424 220.856
446.576 223.896
264.48 331.208
644.784 274.056
670.624 237.272
612.56 374.68
372.552 280.744
371.792 277.4
394.288 270.712
403.864 364.648
160.512 371.336
628.368 267.368
205.2 361.304
514.672 257.336
665.152 234.232
522.576 377.72
182.096 374.68
184.072 388.056
603.896 371.032
239.856 270.712
208.392 361.0
372.248 260.984
378.176 257.64
427.424 347.624
654.056 227.24
337.44 300.808
347.168 320.872
213.56 337.592
224.352 301.112
252.016 317.528
373.16 281.048
624.568 330.904
425.144 354.312
338.808 284.088
192.584 384.408
167.96 364.648
268.584 264.328
379.544 264.328
629.888 264.024
184.072 387.752
621.984 280.744
194.408 381.064
281.656 257.336
673.512 484.728
658.312 464.968
658.464 475.0
560.12 213.864
658.464 177.08
534.432 354.312
559.968 233.928
493.544 337.592
460.864 331.208
661.2 274.056
670.168 230.584
431.68 277.704
468.464 284.088
543.248 223.896
598.576 170.696
488.376 237.272
440.192 247.608
560.12 217.208
664.544 200.488
418.912 377.72
658.464 461.624
559.968 230.888
474.088 274.36
559.816 223.896
482.752 237.272
468.768 320.872
404.016 287.736
573.192 290.776
560.272 224.2
599.792 177.08
488.072 234.232
669.104 190.456
520.448 374.376
452.2 244.264
481.536 294.12
248.52 280.744
229.064 371.032
612.56 164.008
468.616 291.08
455.24 240.92
252.168 291.08
454.024 243.96
552.216 284.392
512.24 214.168
577.752 354.312
494.152 337.896
207.48 304.456
197.296 304.152
667.584 485.032
529.872 371.336
298.376 320.872
405.536 384.712
145.768 344.584
145.312 347.928
146.072 351.272
112.632 381.064
550.088 227.544
632.776 217.208
484.576 367.688
658.92 223.896
530.632 294.12
447.64 378.024
611.04 160.36
667.128 197.144
549.328 223.896
514.672 260.984
452.808 374.376
447.488 377.72
457.368 367.992
607.392 160.664
348.688 287.736
617.88 194.104
540.968 361.304
376.808 287.432
368.6 277.704
598.424 381.064
570.608 327.56
377.416 284.392
158.688 340.936
452.656 250.952
229.064 377.72
523.488 210.52
453.112 371.336
260.224 334.248
598.272 378.024
356.136 264.328
396.112 291.08
421.04 364.344
570.456 330.904
576.992 367.992
378.48 260.68
190.912 384.712
207.176 337.592
388.056 310.84
302.48 361.0
347.016 321.176
276.184 340.936
341.848 317.528
276.336 341.24
184.68 334.552
275.728 271.016
258.248 334.552
399.152 361.0
335.464 287.432
168.872 324.52
269.648 307.496
170.544 327.56
378.48 260.984
317.072 361.304
162.792 340.936
377.72 264.024
423.624 361.0
155.344 374.376
477.28 334.552
436.696 244.264
442.624 257.64
559.056 230.584
499.016 340.936
468.768 317.832
468.92 230.584
510.872 301.112
636.424 184.072
431.984 220.856
494.76 250.952
493.848 240.92
598.424 150.328
417.544 247.304
513.912 243.96
514.216 250.952
487.92 347.928
599.336 167.352
494.76 250.648
469.528 290.776
541.424 210.52
534.736 340.936
612.256 157.016
506.16 233.928
593.104 371.336
593.104 377.72
469.832 287.432
487.616 237.576
677.16 187.416
587.328 357.656
588.088 307.8
623.96 337.592
861.992 243.96
644.632 271.016
623.656 194.104
404.016 290.776
512.24 374.68
661.2 491.416
668.04 484.728
542.792 384.712
441.256 361.304
256.88 361.304
247.608 344.28
323.456 371.336
145.16 337.592
137.408 341.24
137.256 347.928
145.16 340.936
620.312 317.528
616.512 311.144
621.224 277.704
621.984 281.048
323.0 317.832
310.08 317.832
334.856 317.832
334.856 320.872
323.152 317.528
308.864 324.52
335.008 344.28
335.616 344.584
316.312 334.552
350.056 337.592
349.144 337.896
309.928 341.24
315.248 344.584
330.752 344.28
133.608 367.688
139.992 364.648
132.848 364.344
144.552 357.656
134.824 371.032
124.336 364.648
128.136 367.992
114.304 361.304
116.584 364.344
116.28 364.648
111.872 371.336
109.744 364.648
112.024 374.376
109.288 361.304
109.288 364.344
112.784 378.024
191.064 326.192
322.088 352.64
398.848 286.064
564.68 329.232
331.512 346.256
