327.408 349.6
637.64 245.632
404.168 279.376
323.76 349.296
191.064 329.536
112.784 378.024
109.288 364.344
109.288 361.304
112.024 374.376
109.744 364.648
111.872 371.336
116.28 364.648
116.584 364.344
114.304 361.304
128.136 367.992
124.184 364.648
134.824 371.032
144.552 357.656
132.848 364.344
139.992 364.648
133.0 367.688
331.056 344.28
316.008 344.584
309.928 341.24
349.144 337.896
350.056 337.592
316.312 334.552
335.768 347.624
334.704 344.28
308.864 324.52
322.544 317.528
335.008 320.872
334.856 317.832
310.08 317.832
321.936 317.832
621.984 281.048
621.224 277.704
616.512 311.144
620.312 317.528
145.16 340.936
137.256 347.928
137.408 341.24
145.16 337.592
323.456 371.336
247.608 344.28
256.88 361.304
441.256 361.304
542.792 384.712
668.04 484.728
661.2 491.416
512.392 374.68
404.016 290.776
623.656 194.104
644.632 271.016
861.992 243.96
623.656 337.592
588.088 307.8
587.328 357.656
677.16 187.416
487.616 237.576
469.832 287.432
593.104 377.72
593.104 371.336
506.16 233.928
612.256 157.016
533.672 340.936
541.424 210.52
469.528 290.776
494.76 250.648
599.336 167.352
488.224 347.624
514.216 250.952
513.912 243.96
417.544 247.304
598.424 150.328
493.848 240.92
494.76 250.952
431.984 220.856
636.424 184.072
510.872 301.112
468.92 230.584
468.768 317.832
499.016 340.936
559.056 230.584
442.624 257.64
436.696 244.264
477.28 334.552
155.344 374.376
423.624 361.0
377.72 264.024
162.792 340.936
317.072 361.304
378.48 260.984
170.544 327.56
269.648 307.496
168.872 324.52
335.464 287.432
399.152 361.0
258.248 334.552
275.728 271.016
184.68 334.552
276.336 341.24
341.848 317.528
276.184 340.936
346.256 320.872
302.784 361.0
388.056 310.84
206.264 337.592
190.912 384.712
378.48 260.68
576.992 367.992
570.456 327.864
421.04 364.344
396.112 291.08
356.136 264.328
598.272 378.024
260.224 334.248
453.112 371.336
523.488 210.52
229.064 377.72
452.656 250.952
158.688 340.936
377.416 284.392
570.608 327.56
598.424 381.064
368.6 277.704
376.808 287.432
540.968 361.304
617.88 194.104
348.688 287.736
607.392 160.664
457.368 367.992
447.488 377.72
452.808 374.376
514.672 260.984
549.328 223.896
667.128 197.144
611.04 160.36
447.64 378.024
530.632 294.12
658.92 223.896
484.576 367.688
632.776 217.208
550.088 227.544
112.632 381.064
146.072 351.272
145.312 347.624
144.096 344.584
405.536 384.712
298.376 320.872
529.872 371.336
667.584 485.032
197.296 304.152
207.48 304.456
494.152 337.896
577.752 354.312
512.24 214.168
552.216 284.392
454.024 243.96
252.168 291.08
455.24 240.92
468.616 291.08
612.56 164.008
229.064 371.032
248.52 280.744
481.536 294.12
452.2 244.264
519.992 374.376
669.104 190.456
488.528 234.232
600.096 177.08
560.272 224.2
573.192 290.776
404.016 287.736
468.768 320.872
482.752 237.272
559.816 223.896
474.088 274.36
559.968 230.888
658.464 461.624
418.912 377.72
664.544 200.488
560.12 217.208
440.192 247.608
488.376 237.272
598.576 170.696
543.248 223.896
468.464 284.088
431.528 277.704
670.168 230.584
661.2 274.056
460.864 331.208
493.544 337.592
559.968 233.928
534.432 354.312
658.464 177.08
560.12 213.864
658.464 475.0
658.312 464.968
673.512 484.728
281.656 257.336
194.408 381.064
621.984 280.744
184.072 387.752
629.888 264.024
379.544 264.328
268.584 264.328
167.96 364.648
192.584 384.408
338.808 284.088
424.992 354.312
624.568 330.904
373.16 281.048
252.016 317.528
224.352 301.112
215.08 337.592
347.624 317.832
337.44 300.808
652.992 227.24
427.424 347.624
378.176 257.64
372.248 260.984
208.392 361.0
239.856 270.712
603.896 371.032
184.072 388.056
182.096 374.68
522.424 377.72
665.152 234.232
514.672 257.336
205.2 361.304
628.368 267.368
160.512 371.336
403.864 364.648
394.288 270.712
371.792 277.4
372.552 280.744
612.56 374.68
670.624 237.272
644.784 274.056
264.48 331.208
446.576 223.896
426.36 220.552
481.84 234.232
667.888 243.96
228.76 371.336
606.024 367.688
476.064 250.648
675.792 217.512
549.176 274.056
472.112 271.016
419.064 378.024
624.264 334.552
404.624 287.432
634.904 304.152
668.8 194.104
213.712 297.464
644.632 270.712
476.368 234.232
405.992 284.392
470.136 240.616
427.576 330.904
523.64 227.544
211.584 300.808
463.6 330.904
520.752 378.024
538.384 217.208
551.304 297.464
603.44 164.008
658.768 224.2
228.304 367.992
511.784 217.208
662.264 230.888
501.6 210.824
467.096 217.208
476.368 337.896
534.128 347.624
536.864 240.92
477.432 341.24
637.792 167.048
476.368 347.624
437.0 277.704
499.928 207.48
661.352 230.584
538.232 210.824
448.248 287.736
486.096 253.992
532.304 377.72
666.824 220.552
541.12 227.544
510.72 381.064
597.968 173.736
551.608 294.12
454.176 280.744
428.64 227.544
633.08 180.424
214.624 294.424
527.744 210.824
340.936 317.832
542.64 233.928
673.208 488.072
511.176 300.808
425.904 227.24
613.016 337.896
213.56 301.112
431.832 233.928
666.064 197.448
651.928 294.424
658.16 478.344
501.6 210.52
440.344 223.896
675.64 190.456
499.016 337.592
445.968 227.24
605.72 163.704
592.04 177.08
430.92 280.744
470.136 227.24
416.784 254.296
476.216 347.928
510.112 381.368
538.232 220.552
214.776 291.08
420.584 280.744
856.52 264.328
406.296 277.4
855.912 254.296
654.36 244.264
269.952 364.648
361.456 378.024
419.672 260.984
657.4 163.704
418.608 264.024
613.624 364.344
584.592 170.696
638.704 180.424
651.32 217.512
505.704 230.584
861.84 247.304
488.072 220.856
442.776 271.016
399.304 274.056
452.352 234.232
618.184 337.592
659.832 167.352
637.488 150.632
441.256 367.688
416.936 260.68
418.0 284.088
490.808 284.088
502.664 290.776
603.288 387.752
460.56 270.712
629.888 297.768
424.84 264.024
635.664 233.928
506.312 230.888
490.656 243.96
632.472 200.792
424.232 260.68
469.072 257.336
474.088 260.68
448.856 361.0
499.928 388.056
638.856 194.104
466.336 223.896
407.968 277.704
477.736 257.64
432.744 240.616
419.368 290.776
424.536 264.328
424.536 244.264
426.664 257.64
545.376 250.648
675.64 220.856
642.96 233.928
630.496 233.928
203.224 330.904
452.352 237.272
546.896 240.92
477.28 334.248
856.216 260.68
677.312 200.792
629.584 297.464
466.64 324.216
423.776 277.4
413.136 277.4
588.088 311.144
415.112 314.184
415.72 314.488
207.48 301.112
418.456 327.56
214.168 294.12
425.904 331.208
476.672 250.952
470.744 247.304
671.08 230.888
628.824 291.08
447.64 300.808
418.76 327.864
264.48 330.904
361.912 330.904
385.32 361.0
675.792 223.896
438.976 381.368
254.144 290.776
513.0 204.136
383.952 357.96
603.744 344.584
469.376 237.576
629.128 230.584
591.28 150.632
490.656 280.744
613.016 361.0
651.32 223.896
638.856 177.08
494.608 247.304
424.232 243.96
468.008 274.056
366.016 304.152
355.68 314.184
416.936 264.328
506.616 234.232
652.84 240.616
512.392 237.272
414.2 277.704
436.392 243.96
160.056 330.904
657.704 458.28
337.744 337.896
612.56 290.776
406.144 330.904
405.84 327.864
250.952 264.328
229.368 351.272
283.632 371.336
627.304 227.24
357.352 374.68
614.08 364.648
592.496 291.08
455.24 311.144
532.304 227.544
643.264 264.024
234.84 337.592
577.6 327.56
683.544 160.664
319.048 281.048
631.56 217.512
860.016 240.616
675.336 180.424
666.216 173.736
631.104 230.888
614.992 170.392
515.888 234.232
195.472 357.96
661.96 210.824
490.504 287.736
603.592 187.112
656.184 160.664
667.28 217.208
629.432 237.272
614.688 287.432
433.96 321.176
450.376 227.24
442.624 270.712
468.768 233.928
566.2 384.408
512.24 217.512
457.824 257.64
599.032 170.392
584.896 167.352
437.304 271.016
631.256 164.008
683.24 160.36
459.344 260.984
417.392 250.648
476.216 271.016
361.912 270.712
425.752 223.896
613.472 357.656
445.36 337.592
430.616 300.808
484.424 223.896
433.656 234.232
541.424 247.608
637.792 170.392
861.992 260.68
636.728 253.992
414.048 280.744
471.352 220.552
501.448 384.408
580.184 317.832
417.696 274.36
518.168 210.824
653.904 180.728
661.048 267.368
612.864 344.584
425.296 337.592
493.544 264.024
276.944 367.992
654.208 257.64
652.232 264.024
663.024 237.272
674.576 227.544
675.336 224.2
665.152 203.832
468.768 247.608
636.576 257.336
398.24 277.4
545.528 244.264
462.688 334.552
540.968 243.96
461.928 334.248
451.744 230.584
536.408 387.752
583.528 381.064
544.768 254.296
582.008 387.752
536.712 384.712
577.904 381.368
536.864 384.408
543.096 387.752
583.528 381.368
449.008 257.336
670.928 150.632
494.912 290.776
557.992 317.832
229.824 347.928
421.8 387.752
618.792 183.768
490.96 277.4
155.04 371.336
527.136 297.464
226.328 334.248
487.616 317.832
658.464 227.24
493.696 207.176
667.28 217.512
614.688 153.976
468.92 220.856
517.408 213.864
479.56 297.464
587.936 354.616
497.04 220.552
433.352 317.832
630.648 227.544
476.824 337.592
648.432 233.928
637.944 167.352
406.6 274.36
546.592 240.616
430.92 243.96
169.936 371.336
641.896 174.04
490.656 287.432
506.008 227.544
391.248 357.656
497.04 217.512
488.072 233.928
469.072 237.272
435.632 320.872
664.088 150.632
476.216 340.936
576.536 324.216
479.104 210.824
628.368 170.696
264.024 364.648
332.728 357.96
613.472 267.368
607.392 267.672
654.512 243.96
607.544 264.328
614.384 281.048
614.384 280.744
355.224 294.424
600.4 271.016
601.008 270.712
655.424 237.576
646.76 234.232
868.528 461.624
550.696 387.752
561.032 260.68
392.008 294.12
348.232 350.968
389.424 291.08
475.456 294.12
658.768 485.032
494.76 254.296
529.72 274.056
632.168 200.488
448.4 290.776
482.448 281.048
596.904 371.336
460.104 344.28
546.896 243.96
455.696 357.96
464.816 374.376
480.168 374.376
480.776 367.992
364.952 267.672
369.664 264.024
196.536 361.0
350.664 371.032
350.664 367.992
281.96 260.984
368.904 317.832
407.36 317.832
425.448 340.936
425.904 334.552
421.648 330.904
208.088 344.584
542.792 260.984
430.768 240.92
366.624 301.112
657.096 454.632
679.288 484.728
664.088 478.344
377.112 361.0
257.184 381.064
254.752 384.408
253.992 387.752
355.68 344.28
480.624 367.688
480.472 371.032
480.32 364.648
348.992 284.088
457.368 354.616
368.6 274.056
196.536 350.968
534.888 244.264
662.568 207.176
423.472 267.672
355.832 341.24
343.52 354.312
350.36 347.928
492.784 270.712
249.888 384.712
542.792 257.64
493.24 267.368
626.392 324.52
494.0 257.64
249.432 388.056
499.016 264.024
344.584 350.968
255.36 388.056
424.536 351.272
626.544 327.864
426.664 347.928
614.232 374.376
356.44 344.584
423.472 350.968
579.12 374.68
350.36 344.584
255.056 381.368
482.752 347.624
541.576 267.368
427.12 341.24
103.968 377.72
133.0 371.336
660.744 190.76
481.992 350.968
408.88 260.984
538.536 217.512
541.272 213.864
583.224 367.688
521.968 210.824
349.752 367.688
506.92 237.272
636.12 180.728
531.848 224.2
862.448 250.648
369.208 271.016
651.624 220.552
486.552 240.92
482.904 327.56
442.016 300.808
406.144 253.992
652.08 300.808
437.304 274.056
568.632 204.136
625.48 347.928
670.168 240.92
440.8 334.248
855.456 250.952
636.424 260.984
454.176 340.936
352.336 314.488
534.888 247.304
552.52 220.856
435.48 287.736
661.808 207.48
637.184 240.616
407.208 267.672
435.176 274.36
467.248 280.744
469.832 274.36
652.232 301.112
453.872 287.736
227.848 364.344
381.976 387.752
434.872 314.488
488.224 230.888
661.808 210.52
466.488 257.64
583.072 337.592
526.68 237.576
643.416 170.696
636.12 197.448
229.064 354.312
487.464 240.616
575.928 347.928
675.336 227.24
435.328 260.68
426.512 344.584
453.568 281.048
570.304 200.792
425.296 357.96
212.192 340.936
614.84 173.736
656.792 200.488
862.144 253.992
637.64 153.976
559.36 227.544
644.328 207.176
367.84 374.376
604.048 344.28
514.672 260.68
390.792 324.216
593.56 374.68
156.864 337.592
481.384 277.704
454.48 270.712
302.176 361.304
583.68 347.928
318.896 354.312
663.328 243.96
460.104 264.328
215.08 347.928
582.768 170.392
317.984 378.024
612.256 354.312
444.904 381.368
380.456 304.152
520.6 223.896
668.496 153.976
672.904 173.736
473.328 354.616
651.624 220.856
407.512 320.872
544.312 381.064
528.048 210.52
630.04 190.76
489.744 217.208
486.248 230.584
453.112 284.392
617.576 177.08
464.664 371.336
366.776 307.8
618.184 184.072
436.848 381.064
236.816 341.24
603.136 388.056
440.192 301.112
367.384 314.184
433.352 290.776
366.928 300.808
514.52 264.024
663.024 233.928
465.728 220.552
469.832 284.392
404.472 257.336
154.888 371.032
602.832 384.408
664.392 174.04
628.672 213.864
337.896 354.616
351.424 374.376
529.72 314.184
202.464 361.0
366.776 253.992
586.72 177.384
299.744 377.72
545.68 227.24
443.384 327.56
397.48 297.768
299.136 381.064
283.176 378.024
647.064 197.144
358.416 354.312
315.248 334.248
532.76 357.96
405.232 377.72
456.76 314.184
285.912 294.12
175.864 384.712
345.192 271.016
375.288 347.624
394.744 341.24
368.752 387.752
513.0 223.896
255.816 321.176
359.176 294.424
512.088 354.312
669.408 240.616
391.248 384.712
538.536 337.592
374.528 307.8
549.328 374.68
385.168 270.712
498.56 378.024
392.16 334.552
446.424 330.904
582.312 334.552
355.984 297.464
624.264 170.392
434.872 260.984
618.184 350.968
516.344 240.616
517.408 371.032
317.376 364.648
357.96 350.968
611.192 157.32
597.816 287.736
487.616 200.488
446.728 254.296
247.76 324.52
229.368 354.616
471.656 357.96
586.112 180.728
317.68 364.344
591.584 164.008
407.664 341.24
677.768 163.704
531.088 354.616
647.52 193.8
430.616 307.8
426.208 361.304
638.552 157.32
346.104 281.048
502.968 361.304
496.584 240.616
600.4 287.432
417.24 250.952
249.28 384.408
261.592 260.984
348.536 300.808
671.232 203.832
349.144 290.776
206.72 388.056
525.464 374.376
372.096 260.68
438.824 257.64
651.016 214.168
390.336 371.336
352.792 277.704
394.744 311.144
256.576 361.0
629.432 193.8
381.064 267.368
447.032 271.016
493.848 260.984
281.504 267.672
447.336 233.928
281.656 254.296
190.304 388.056
222.072 327.56
510.416 384.408
516.8 330.904
599.184 164.008
270.864 351.272
602.984 384.712
551.912 291.08
363.584 271.016
642.2 230.888
223.288 297.768
363.432 327.56
454.176 341.24
628.52 207.48
462.08 337.592
572.584 361.0
677.312 184.072
454.328 344.584
277.096 381.368
137.408 334.552
277.4 384.712
460.256 341.24
558.6 257.336
441.104 274.056
641.288 281.048
378.328 357.656
679.136 488.072
559.816 264.024
297.312 280.744
185.592 367.688
263.872 304.152
426.968 344.28
496.128 243.96
165.072 327.864
497.192 354.312
651.016 177.08
601.16 330.904
518.776 224.2
450.984 227.544
441.408 250.648
445.208 307.8
514.672 274.36
624.872 304.456
400.824 314.184
442.472 274.36
203.072 378.024
611.648 384.712
579.272 371.336
526.832 378.024
491.112 297.768
531.848 240.616
341.696 337.592
618.792 337.896
398.392 317.528
367.84 314.488
468.616 250.952
488.528 217.512
677.312 164.008
450.072 304.456
471.2 244.264
542.792 264.328
359.024 297.768
404.32 381.064
333.944 340.936
278.768 310.84
677.312 203.832
471.504 260.984
154.128 367.992
283.632 381.368
541.576 270.712
277.856 387.752
589.152 340.936
537.624 224.2
361.608 314.184
510.872 290.776
551.456 287.736
407.968 281.048
302.784 301.112
206.568 381.368
357.808 300.808
602.984 371.336
353.704 334.248
500.08 344.584
191.824 364.648
268.736 267.368
466.64 224.2
621.376 153.976
227.088 277.704
390.792 274.056
485.336 213.864
423.624 267.368
581.552 311.144
302.024 388.056
445.664 307.496
488.376 354.312
638.248 164.008
544.16 237.576
418.76 240.92
612.256 351.272
440.04 331.208
448.4 340.936
446.88 334.248
460.104 344.584
454.024 347.624
650.712 237.272
460.256 347.624
558.144 388.056
267.824 264.024
330.904 374.376
679.288 207.48
207.784 387.752
629.432 300.808
536.712 223.896
612.256 337.592
489.136 214.168
651.016 291.08
440.192 220.856
446.424 331.208
535.192 381.064
453.568 277.704
644.176 267.368
536.104 381.368
281.808 257.64
380.912 270.712
445.816 337.896
166.288 327.56
520.904 374.68
277.4 381.064
452.656 361.304
457.368 260.68
219.792 340.936
561.792 350.968
358.72 280.744
270.712 267.672
444.296 227.544
666.216 214.168
406.904 304.152
546.136 364.344
299.592 378.024
327.256 290.776
416.632 297.464
194.408 354.312
180.12 357.656
301.872 350.968
459.192 281.048
637.184 247.304
440.952 351.272
511.176 203.832
430.616 310.84
436.848 280.744
469.072 253.992
505.856 197.448
635.664 217.512
218.272 367.992
522.12 274.36
271.624 354.616
452.048 314.184
573.496 287.432
445.816 230.584
346.104 267.368
468.16 297.768
434.416 300.808
501.296 224.2
453.872 310.84
641.592 237.272
472.872 294.424
566.352 297.768
362.064 364.648
272.688 357.96
500.08 213.864
457.52 350.968
526.376 233.928
654.36 153.976
423.624 314.488
862.296 233.928
484.88 227.24
319.656 367.688
607.088 381.368
487.616 324.216
349.448 381.368
638.096 160.36
636.728 183.768
614.536 153.672
637.792 157.016
573.04 197.144
612.712 354.616
329.232 270.712
435.632 284.088
462.84 317.832
221.768 361.0
518.472 220.856
590.672 350.968
484.12 314.184
515.28 220.552
369.664 364.344
475.0 253.992
657.4 157.32
558.904 280.744
584.896 190.456
541.272 214.168
445.36 334.552
601.008 267.368
442.016 260.68
644.784 224.2
635.208 214.168
514.824 284.088
647.976 183.768
517.408 304.152
238.944 340.936
404.472 361.304
430.616 244.264
208.24 357.656
583.072 388.056
467.096 294.12
320.112 274.056
654.816 177.384
530.936 223.896
585.808 314.184
578.664 314.488
447.488 384.408
367.688 371.336
181.032 304.456
346.864 257.336
435.48 324.216
449.616 311.144
515.736 357.656
614.08 367.688
387.144 324.52
217.208 321.176
245.936 344.584
429.552 320.872
513.152 200.792
608.76 177.08
466.184 378.024
487.92 227.544
533.824 350.968
534.432 347.928
335.464 280.744
219.184 341.24
404.624 381.368
400.52 387.752
659.528 193.8
463.448 317.528
668.8 157.016
667.584 491.416
347.168 260.68
331.056 260.68
371.032 324.52
384.408 271.016
340.176 387.752
661.2 194.104
644.936 173.736
671.536 164.008
407.664 340.936
208.696 347.624
452.2 257.64
661.2 177.384
683.544 157.32
236.512 327.864
645.088 207.48
500.84 384.712
619.248 187.112
623.96 167.048
202.464 364.344
656.488 197.448
398.848 274.36
466.184 260.68
225.264 340.936
622.288 197.144
379.24 327.56
660.744 197.144
187.72 374.68
354.616 280.744
170.088 321.176
392.008 337.592
408.728 344.584
578.36 371.032
448.856 327.56
497.04 220.856
447.944 387.752
257.944 371.032
683.392 157.016
315.4 350.968
615.144 190.76
620.616 193.8
609.824 387.752
328.472 378.024
346.712 277.704
513.608 244.264
394.744 297.464
399.76 307.496
309.624 347.928
465.12 384.408
457.976 351.272
421.496 294.12
458.28 267.368
439.128 377.72
535.8 287.736
423.168 314.184
678.68 183.768
612.256 300.808
642.2 197.144
394.288 344.28
380.304 310.84
625.176 354.312
487.464 310.84
543.096 224.2
190.608 337.896
449.16 291.08
168.568 341.24
620.616 153.672
531.696 243.96
461.472 301.112
516.192 324.216
663.784 213.864
517.104 344.28
337.44 354.312
420.584 364.648
590.672 354.312
682.328 174.04
302.632 364.648
545.832 344.584
165.984 317.832
855.0 250.648
523.792 364.648
650.864 287.736
546.744 384.408
514.064 267.368
375.896 350.968
375.592 354.312
373.16 344.28
329.232 287.432
329.384 291.08
319.808 294.424
321.176 294.12
170.544 381.368
370.12 291.08
376.96 287.736
376.656 290.776
392.008 350.968
393.224 344.584
321.936 301.112
407.208 357.96
406.752 361.0
406.448 357.656
408.424 354.616
408.576 350.968
320.872 314.184
320.872 314.488
327.408 314.184
330.904 317.528
331.816 314.488
391.552 321.176
395.808 320.872
391.856 320.872
425.296 357.656
311.144 310.84
311.752 304.456
306.584 314.488
305.52 317.528
183.008 371.032
440.648 367.992
302.936 297.768
305.216 300.808
291.84 304.456
297.92 300.808
290.168 314.488
297.92 317.832
288.8 314.184
288.648 317.832
297.464 317.528
298.376 314.488
442.016 347.928
440.192 354.312
440.192 357.656
287.888 334.248
287.128 337.592
293.512 330.904
298.072 327.56
299.592 324.52
455.088 361.0
487.464 381.064
480.928 384.712
480.016 381.368
481.232 384.408
481.688 381.064
480.624 377.72
480.928 374.68
305.976 337.592
311.904 337.592
309.776 334.248
314.336 331.208
235.448 384.712
236.512 387.752
238.184 384.408
226.328 381.064
463.448 361.304
463.6 364.344
501.752 381.368
500.688 387.752
348.536 331.208
335.92 337.592
340.176 334.552
337.896 350.968
245.784 367.992
243.96 374.376
577.6 378.024
577.6 381.064
270.864 388.056
548.416 384.712
407.664 334.248
360.544 361.304
243.96 311.144
183.16 344.584
355.832 334.552
392.464 347.624
284.696 270.712
243.808 327.864
245.328 327.56
253.08 320.872
251.864 324.216
355.376 294.12
314.64 381.064
313.424 387.752
295.032 267.672
295.488 264.024
295.944 257.336
295.64 257.64
361.304 284.088
299.896 381.368
300.504 384.408
300.048 384.712
311.6 267.368
313.424 264.328
310.688 264.024
313.424 271.016
312.056 270.712
313.728 267.672
234.688 331.208
346.104 270.712
283.024 374.68
296.856 281.048
333.336 274.056
266.0 378.024
268.128 381.064
195.32 337.592
200.792 337.592
327.408 271.016
254.904 364.648
257.488 367.688
278.768 291.08
277.856 294.12
278.464 290.776
278.008 294.424
284.696 290.776
171.608 327.864
178.448 327.864
182.248 324.52
190.304 320.872
180.424 327.56
190.304 321.176
330.448 257.336
331.208 260.984
272.232 361.304
272.536 364.344
264.024 301.112
263.416 304.456
302.024 367.688
292.904 371.336
279.528 304.152
318.136 371.336
317.832 367.992
318.136 371.032
286.672 287.736
286.976 291.08
286.824 294.424
293.36 300.808
292.296 297.464
159.448 337.896
343.368 357.96
304.304 294.424
304.76 294.12
309.776 297.464
300.2 287.736
298.832 287.432
297.92 284.392
168.72 354.312
152.608 354.312
152.152 354.616
158.992 354.616
158.536 357.656
165.68 354.616
357.048 347.928
312.968 280.744
325.736 284.088
375.592 351.272
376.048 354.616
280.592 327.864
280.744 330.904
270.56 324.216
269.952 324.52
210.824 367.992
212.192 371.032
214.928 374.68
325.584 361.0
338.656 357.656
259.768 320.872
263.112 324.216
280.592 314.488
280.592 320.872
280.744 317.528
276.488 311.144
380.152 307.8
342.76 371.032
331.36 371.336
336.376 374.376
340.176 371.336
265.24 307.8
398.24 300.808
392.008 297.768
399.304 304.152
399.76 304.456
349.6 384.408
348.536 387.752
244.416 307.8
244.264 310.84
246.544 314.184
245.024 307.496
184.984 344.28
180.88 347.624
188.024 341.24
186.352 337.592
184.224 334.248
177.84 334.552
190.608 317.528
196.536 317.832
400.976 317.832
406.752 324.216
391.704 387.752
239.096 300.808
247.304 301.112
192.28 294.12
197.296 300.808
192.888 297.768
419.976 381.368
426.968 381.064
205.96 310.84
429.704 364.648
420.736 367.688
420.432 367.992
426.208 367.688
403.712 367.688
404.168 364.344
214.776 350.968
386.384 327.864
376.504 337.896
376.352 334.248
264.024 277.704
240.312 344.28
234.992 337.896
252.016 334.552
256.424 337.592
339.416 304.152
351.88 304.456
343.52 304.152
331.056 384.408
330.904 387.752
330.6 384.712
330.144 388.056
591.28 153.672
516.8 344.584
516.8 347.928
516.496 350.968
516.8 347.624
626.848 163.704
622.744 160.664
562.4 357.96
562.096 357.656
637.792 153.672
575.168 351.272
571.824 361.304
652.536 160.664
514.824 281.048
529.568 274.36
522.12 280.744
522.576 277.704
522.272 284.088
524.856 230.888
560.576 277.4
676.856 204.136
595.08 354.616
597.816 361.0
600.704 361.304
605.416 364.344
595.08 357.656
597.208 357.96
573.192 297.464
605.112 347.624
609.976 350.968
601.312 334.552
590.672 337.592
637.032 220.552
595.384 314.184
602.224 314.488
603.744 317.528
611.648 314.488
609.52 317.832
454.936 271.016
453.872 274.056
637.336 230.888
598.88 304.152
617.576 301.112
612.256 297.464
613.168 361.304
605.72 287.432
612.256 294.12
625.632 350.968
625.176 320.872
552.976 257.336
276.64 350.968
293.816 347.624
284.848 347.928
255.512 354.616
289.864 347.624
284.848 354.312
292.904 344.584
287.888 344.28
261.288 350.968
251.712 350.968
269.952 344.28
268.432 341.24
254.144 341.24
251.408 344.584
260.984 347.928
266.304 347.624
241.224 361.304
239.4 364.648
241.984 357.96
241.528 361.0
229.368 357.96
222.072 361.304
247.0 354.616
248.064 361.0
335.464 330.904
333.184 331.208
325.888 327.864
313.88 327.864
325.888 327.56
325.128 321.176
319.656 327.864
313.88 327.56
304.456 347.928
302.48 357.656
302.632 351.272
302.328 354.312
274.36 337.896
264.936 337.592
264.48 334.552
319.504 361.0
301.416 321.176
440.952 330.904
365.104 324.52
365.712 321.176
364.496 334.552
367.992 337.896
364.344 331.208
366.624 337.592
366.472 344.28
323.304 344.28
331.512 347.928
298.832 344.584
315.248 347.624
335.16 341.24
337.136 347.928
311.6 324.216
327.256 320.872
476.824 327.864
516.648 334.552
585.2 187.416
534.888 337.592
603.744 184.072
600.4 180.728
540.056 317.528
567.112 310.84
559.512 311.144
558.296 301.112
567.872 307.496
565.44 311.144
535.04 287.432
656.64 187.416
570.0 347.928
570.152 344.584
545.832 347.624
539.448 340.936
541.272 344.28
545.68 344.28
538.992 341.24
556.016 357.96
549.936 357.656
547.808 361.0
549.48 357.96
666.216 170.392
657.856 167.048
566.048 371.336
563.312 364.648
562.552 361.0
566.504 367.992
562.856 364.344
563.312 367.688
568.176 371.032
457.368 324.216
457.52 324.52
457.672 327.864
435.024 324.52
493.696 217.208
507.68 224.2
505.704 227.24
551.456 371.336
543.552 378.024
549.328 381.064
551.0 371.032
646.912 177.08
537.776 371.032
530.936 374.376
535.8 374.376
469.376 230.888
464.512 234.232
468.464 227.544
532.608 357.656
522.728 364.344
528.2 364.344
526.224 361.0
511.48 354.616
506.768 357.96
442.776 287.736
431.832 291.08
427.88 287.432
506.16 374.68
498.56 374.376
498.256 371.336
499.016 364.344
488.224 361.0
482.752 361.0
488.528 361.304
486.096 350.968
487.92 351.272
404.472 254.296
502.816 354.312
499.928 344.28
579.12 377.72
271.624 384.712
391.704 361.304
272.232 384.408
112.176 374.68
137.56 340.936
595.688 344.584
534.28 341.24
591.128 150.328
145.16 334.552
171.0 388.056
179.512 331.208
349.296 364.344
280.44 314.184
183.92 371.336
182.248 307.8
297.768 304.456
312.816 281.048
279.376 297.464
252.168 334.248
215.84 314.184
259.616 277.4
184.376 311.144
158.08 334.248
285.912 297.464
203.376 311.144
301.568 367.992
278.92 300.808
259.616 274.36
178.752 334.248
673.968 491.416
279.376 307.496
202.616 307.8
190.0 301.112
444.904 384.712
300.048 387.752
410.248 337.896
444.448 381.064
205.504 314.184
385.624 377.72
210.368 314.184
510.568 367.992
516.496 367.992
109.744 367.992
658.616 481.688
658.616 488.376
606.024 367.992
190.608 387.752
510.872 294.12
613.016 340.936
537.624 227.24
448.704 324.52
607.848 347.928
626.392 321.176
598.12 160.664
450.072 384.712
404.928 257.64
341.848 367.992
630.192 294.424
636.272 187.416
453.568 287.432
425.144 247.304
522.88 227.24
351.272 304.152
532.0 351.272
510.568 378.024
565.896 301.112
524.248 367.688
435.48 270.712
298.984 307.496
637.64 193.8
255.968 374.68
550.696 374.376
583.224 384.712
662.568 488.072
459.952 280.744
592.496 381.064
491.112 274.056
460.256 337.896
670.168 237.576
477.28 254.296
861.536 247.608
607.392 334.552
625.784 164.008
384.104 367.992
641.44 284.392
577.6 321.176
375.896 284.088
620.312 150.632
516.192 337.896
567.72 387.752
619.096 314.488
441.408 364.648
621.832 190.76
571.672 197.448
651.32 210.824
418.0 244.264
621.224 351.272
544.312 237.272
652.992 157.32
477.584 260.984
388.208 290.776
644.784 277.704
366.624 304.456
356.288 331.208
463.752 327.56
465.272 324.52
386.384 284.392
388.056 281.048
386.84 287.432
391.096 388.056
387.448 284.088
514.672 267.672
245.784 330.904
514.672 271.016
660.896 270.712
559.208 271.016
528.656 281.048
561.488 267.672
610.584 347.624
604.352 187.416
380.76 301.112
268.736 374.68
415.872 281.048
285.912 354.616
476.368 264.024
366.624 310.84
465.88 381.064
418.304 243.96
320.872 271.016
628.064 204.136
648.736 194.104
477.28 257.336
498.56 374.68
466.64 217.512
451.592 230.888
511.328 287.432
517.864 301.112
466.488 281.048
454.328 387.752
635.664 307.496
360.392 281.048
501.6 347.928
637.032 250.648
670.928 200.792
652.08 297.464
553.128 254.296
372.856 361.304
582.616 164.008
663.328 240.616
206.872 381.064
479.864 210.52
541.424 274.056
612.104 384.408
441.256 357.96
297.616 264.328
371.64 361.0
360.392 357.656
297.16 270.712
170.696 351.272
579.88 310.84
391.856 354.312
312.512 284.088
558.144 351.272
576.992 384.712
500.992 357.96
625.48 274.36
514.064 247.608
526.376 374.68
651.168 213.864
626.544 277.704
263.72 290.776
334.552 287.736
281.504 264.024
319.96 297.464
423.016 311.144
391.704 334.248
317.224 304.456
361.456 257.336
513.304 200.488
557.688 354.312
196.688 317.528
428.64 311.144
514.064 247.304
469.984 311.144
273.448 270.712
155.344 374.68
397.48 321.176
493.088 200.488
405.688 374.68
298.984 330.904
445.36 257.336
229.824 350.968
538.992 314.184
163.704 330.904
470.288 250.648
433.504 237.576
513.912 240.92
194.256 381.368
420.432 300.808
446.272 220.856
238.184 381.368
470.44 243.96
657.552 164.008
237.272 264.328
377.112 324.52
203.528 377.72
347.624 264.024
481.992 287.736
308.104 350.968
386.688 301.112
354.464 270.712
367.08 367.992
490.808 330.904
425.752 224.2
339.568 314.488
375.288 327.864
591.888 361.304
539.144 294.12
456.608 364.344
438.368 317.528
645.24 177.384
495.216 197.144
562.248 207.176
328.32 301.112
525.008 297.768
328.016 304.152
345.344 357.656
408.728 274.056
623.808 180.728
487.616 320.872
347.776 260.984
483.36 284.088
408.12 344.28
413.896 300.808
480.016 371.336
413.288 340.936
311.448 344.28
240.92 367.688
241.832 384.408
242.44 381.368
205.808 374.68
391.552 340.936
609.672 388.056
478.496 310.84
454.024 253.992
463.296 350.968
598.12 157.32
177.536 364.344
302.48 364.344
670.624 153.672
415.872 297.768
348.992 388.056
171.608 361.0
170.696 344.28
334.704 374.68
529.872 310.84
351.88 378.024
390.184 374.376
383.648 361.304
232.408 320.872
558.6 347.928
430.92 260.68
191.216 367.688
215.992 387.752
362.672 253.992
373.312 274.36
301.568 374.376
491.872 204.136
366.168 291.08
487.616 314.488
428.488 317.832
350.512 371.336
445.36 224.2
467.248 317.528
418.76 340.936
397.48 271.016
319.352 277.704
344.28 354.616
406.296 331.208
264.632 300.808
392.16 351.272
507.528 200.792
346.712 253.992
343.672 364.648
215.536 314.488
343.976 361.0
539.296 367.688
408.728 351.272
545.376 341.24
310.08 334.552
310.232 294.424
576.384 347.624
272.536 361.0
210.064 311.144
228.456 337.896
375.592 291.08
334.248 304.456
420.128 294.424
384.408 388.056
672.144 160.36
403.256 271.016
479.104 213.864
366.776 257.336
507.528 200.488
244.872 334.248
485.184 210.824
582.616 193.8
484.272 224.2
419.368 287.736
215.384 337.896
682.024 180.424
207.024 384.712
208.544 344.28
367.08 311.144
170.696 347.928
362.216 361.0
617.12 187.416
268.888 297.768
371.488 341.24
641.592 200.488
470.744 361.304
357.504 264.024
362.672 254.296
368.6 254.296
301.568 371.032
295.64 371.032
171.0 330.904
158.992 334.552
164.312 341.24
166.592 357.656
357.808 351.272
358.568 354.616
358.72 357.96
321.632 280.744
319.2 284.088
376.656 344.584
379.088 344.28
334.856 290.776
170.696 387.752
170.544 381.064
171.0 384.712
168.72 384.408
167.808 377.72
177.688 387.752
367.08 294.424
366.928 294.12
391.096 354.616
392.464 347.928
331.968 304.152
334.096 307.496
321.632 297.768
319.656 304.152
177.08 357.96
177.84 364.648
180.12 354.616
177.84 361.0
177.384 361.304
374.528 310.84
386.232 300.808
407.664 347.928
407.968 354.312
326.344 311.144
313.576 304.152
386.992 327.56
426.056 364.648
425.6 354.616
310.08 307.8
312.968 300.808
308.712 314.184
302.784 317.832
194.408 374.68
193.192 377.72
180.576 374.376
401.736 344.28
442.928 364.344
295.64 304.152
448.096 381.064
457.52 371.032
456.76 367.688
290.624 317.528
202.008 374.68
443.384 361.0
439.736 347.624
442.016 350.968
458.736 384.712
464.36 374.68
466.184 377.72
464.968 384.712
287.584 330.904
287.28 327.864
221.92 378.024
221.768 381.368
215.536 388.056
456.304 354.312
450.072 357.96
481.08 378.024
311.752 337.896
305.824 340.936
241.68 384.712
237.12 388.056
228.76 378.024
474.392 354.312
469.832 357.656
470.44 364.344
501.296 381.064
510.568 384.712
342.0 334.248
244.416 371.032
243.808 371.336
240.16 367.992
215.384 347.624
215.84 344.28
376.656 340.936
377.872 331.208
384.56 371.336
384.712 371.032
384.256 364.344
229.52 347.624
229.216 341.24
366.928 367.688
367.232 371.032
257.032 280.744
242.592 341.24
266.456 260.68
253.992 337.896
354.008 301.112
343.064 300.808
329.84 381.064
338.352 388.056
323.608 377.72
252.776 314.488
340.936 290.776
344.432 287.432
313.88 384.712
313.576 388.056
313.728 381.368
316.16 377.72
236.968 327.56
234.384 324.52
226.328 317.832
231.8 317.528
232.56 321.176
240.616 330.904
358.872 277.704
301.568 374.68
311.448 274.056
221.312 324.216
220.704 324.52
226.024 330.904
228.912 331.208
222.68 321.176
348.84 274.056
346.256 267.672
283.024 377.72
283.784 381.064
284.088 374.376
297.312 277.4
297.464 271.016
297.312 277.704
296.4 284.088
297.768 274.056
331.664 284.392
333.792 277.704
337.288 284.392
267.064 377.72
259.008 378.024
270.256 371.032
271.168 367.992
328.624 274.056
320.264 277.4
254.448 357.96
289.104 284.088
190.304 317.832
331.208 257.64
332.576 264.024
335.616 264.328
336.376 267.368
272.688 357.656
271.928 291.08
176.776 324.52
182.704 304.152
346.712 257.64
289.56 371.032
285.0 364.344
285.912 361.0
284.848 361.304
285.76 357.656
284.696 367.688
284.848 364.648
269.344 304.456
165.376 314.488
165.224 311.144
615.752 347.928
621.224 347.624
644.784 277.4
302.48 357.96
302.176 354.616
222.68 364.344
226.024 367.688
320.872 350.968
318.744 357.656
281.504 327.56
281.2 331.208
270.56 321.176
274.056 327.56
215.08 371.336
213.712 374.376
206.112 371.032
369.664 321.176
332.88 361.0
333.184 357.656
337.288 351.272
276.944 314.488
217.512 361.0
213.56 357.96
202.312 371.032
211.28 354.616
387.296 311.144
389.88 314.184
389.576 314.488
258.4 317.528
259.008 314.488
260.376 311.144
258.552 317.832
194.712 347.624
348.992 384.712
351.728 381.064
247.304 314.488
179.056 347.928
178.448 350.968
189.848 340.936
419.824 297.768
423.168 304.152
369.512 381.368
368.448 377.72
372.4 388.056
369.056 384.712
369.056 381.064
230.584 311.144
230.432 307.8
399.608 307.8
384.56 381.368
374.224 387.752
381.368 384.712
383.344 384.408
407.512 327.56
406.752 324.52
399.912 384.712
404.624 384.408
404.776 378.024
192.128 294.424
198.208 304.456
191.824 300.808
428.488 317.528
421.04 384.712
420.28 384.408
420.888 388.056
419.52 381.064
438.672 378.024
425.752 364.344
415.568 374.376
420.432 371.336
216.448 320.872
215.232 324.52
206.872 330.904
211.128 324.52
392.008 337.896
404.168 367.992
404.016 371.336
403.864 371.032
230.128 264.024
239.096 267.368
216.144 344.584
516.952 354.312
509.504 357.656
517.712 354.616
431.376 294.12
436.088 287.432
628.216 207.176
627.912 210.52
510.872 371.336
506.768 361.304
419.368 291.08
501.6 357.656
502.968 361.0
402.344 291.08
452.656 250.648
614.84 167.048
483.968 364.344
484.272 364.648
487.616 357.96
477.28 361.0
405.08 270.712
496.888 354.616
409.336 264.328
405.384 260.68
594.168 167.048
502.208 350.968
494.0 341.24
499.624 341.24
493.696 344.28
597.36 153.976
597.512 153.672
506.312 341.24
509.656 340.936
517.408 341.24
526.832 234.232
431.984 284.088
621.224 150.328
563.16 354.312
562.552 354.616
447.336 287.432
554.496 224.2
638.248 160.664
578.056 354.616
583.224 354.312
570.608 364.344
567.72 367.688
468.768 287.736
658.92 157.016
656.944 160.36
647.064 160.664
590.064 364.344
585.048 364.648
582.616 367.992
662.568 177.08
605.112 381.064
590.824 378.024
528.048 230.584
504.488 240.616
593.408 361.0
573.192 300.808
573.344 284.088
573.344 294.12
585.2 317.528
469.072 254.296
650.712 224.2
594.928 334.552
596.904 337.592
598.12 334.248
595.992 340.936
608.0 330.904
590.52 334.552
588.24 337.896
583.68 337.896
644.328 227.544
627.304 217.208
594.776 307.8
610.584 321.176
608.152 327.56
583.68 351.272
585.2 350.968
589.608 347.928
446.576 274.056
463.144 264.024
591.736 304.152
594.32 300.808
594.928 304.456
617.728 297.768
475.456 277.704
468.768 277.704
467.4 277.4
594.32 290.776
500.84 307.8
507.984 307.8
507.528 311.144
507.984 314.184
604.352 183.768
605.872 177.384
599.336 180.424
606.48 190.456
547.2 320.872
542.336 311.144
551.608 321.176
545.376 317.528
557.992 324.216
558.144 327.56
551.912 324.52
530.024 317.832
529.416 307.496
529.872 314.488
526.984 301.112
529.416 304.152
445.36 250.952
435.176 247.304
618.64 180.424
624.416 180.424
572.432 310.84
559.36 304.152
536.256 291.08
637.184 190.456
636.728 187.112
636.728 190.76
656.944 187.112
655.272 183.768
567.112 337.896
576.08 344.584
570.0 347.624
490.96 301.112
494.608 307.496
490.96 304.152
485.184 307.496
491.264 294.424
492.936 294.12
675.336 177.08
682.176 177.08
675.488 177.384
555.408 344.584
557.08 337.896
557.688 334.552
556.776 330.904
557.688 337.592
555.864 340.936
555.104 341.24
557.992 334.248
466.184 297.464
472.72 297.464
476.216 311.144
466.184 300.808
472.568 297.768
490.808 203.832
488.528 200.792
492.784 207.48
683.544 164.008
671.992 167.352
547.504 347.928
469.984 310.84
461.016 304.152
461.776 300.808
456.76 304.456
469.376 314.488
664.696 153.672
556.776 354.616
546.592 364.648
546.44 361.304
455.696 307.8
665.608 167.352
560.728 361.304
497.952 223.896
645.544 174.04
551.0 378.024
550.24 377.72
445.816 317.528
446.88 314.488
534.584 371.336
429.096 314.184
446.88 304.152
464.512 227.24
648.584 190.76
435.936 301.112
429.552 297.768
645.544 210.824
644.784 204.136
641.136 203.832
518.32 351.272
417.24 253.992
661.656 491.72
383.952 367.688
567.112 340.936
365.256 327.864
658.008 471.656
658.312 468.312
355.832 378.024
277.096 388.056
392.616 361.0
446.576 301.112
568.176 331.208
598.424 344.28
616.664 193.8
575.32 307.496
567.568 334.552
260.528 264.328
452.352 254.296
581.552 340.936
503.12 197.144
597.664 157.016
249.28 321.176
279.528 304.456
194.408 354.616
509.504 374.376
196.688 361.304
263.264 267.368
158.536 331.208
263.112 281.048
419.824 337.896
406.448 321.176
369.208 384.408
425.296 377.72
393.528 314.184
278.92 307.8
355.528 377.72
181.032 367.992
413.136 301.112
366.016 277.4
314.032 361.0
419.976 374.68
408.88 337.592
438.52 384.712
207.328 327.56
390.336 330.904
272.232 354.312
322.848 274.36
385.928 381.064
524.4 367.992
533.672 344.584
431.224 377.72
311.752 284.392
432.44 378.024
627.912 210.824
545.072 250.952
476.976 344.28
493.392 334.552
492.632 334.248
481.08 330.904
474.392 324.216
477.28 327.56
476.672 330.904
569.392 203.832
574.256 194.104
516.648 331.208
513.76 340.936
516.648 327.56
524.248 327.864
516.496 337.592
490.656 327.56
593.864 180.424
585.352 187.112
586.112 183.768
586.416 180.424
537.928 334.248
540.816 334.552
529.416 321.176
528.2 324.52
532.456 334.552
532.152 331.208
508.136 317.528
508.896 320.872
516.344 320.872
243.656 354.312
284.848 340.936
266.608 347.928
252.472 357.656
258.704 354.312
254.6 347.624
290.32 344.584
251.712 344.28
234.992 357.96
297.464 344.28
244.416 357.656
297.008 341.24
247.912 354.312
280.288 347.624
249.432 347.928
280.744 344.584
144.248 354.312
138.168 337.896
142.88 341.24
135.128 347.624
324.976 347.624
317.528 320.872
325.28 324.216
313.12 320.872
333.792 321.176
305.824 334.552
318.592 344.584
319.352 320.872
342.0 344.28
320.72 347.624
339.264 344.584
310.688 321.176
314.184 324.52
304.912 324.216
322.24 340.936
319.504 337.896
362.216 337.896
307.648 344.584
303.544 324.216
315.4 341.24
357.808 337.592
328.472 347.624
370.424 340.936
319.656 341.24
362.52 334.248
310.992 347.624
362.064 337.592
365.56 340.936
301.264 347.624
306.28 344.28
331.816 321.176
301.72 344.28
142.424 350.968
135.128 344.584
143.792 354.616
143.032 364.344
137.256 351.272
856.216 253.992
856.368 260.984
854.848 267.672
237.424 277.704
861.232 274.36
856.216 257.64
861.992 254.296
849.832 277.4
861.08 277.704
854.24 274.36
862.296 271.016
858.648 244.264
855.152 270.712
861.536 281.048
855.304 274.056
234.688 287.736
857.432 267.368
861.992 257.64
274.664 274.36
254.144 260.984
860.624 478.344
257.032 264.024
569.544 444.6
662.568 484.728
222.832 297.464
407.968 307.8
855.608 421.496
568.176 431.528
860.32 468.312
569.544 451.592
862.296 421.496
869.136 468.312
353.096 311.144
273.296 274.056
569.696 457.976
568.936 464.664
234.536 354.312
859.712 421.192
860.776 428.184
569.392 441.256
208.088 327.864
348.232 327.864
569.392 474.696
554.496 227.24
853.328 481.384
859.712 464.968
859.104 461.624
247.456 277.704
240.768 274.056
223.896 317.528
349.6 314.184
227.696 274.056
861.384 458.28
860.32 471.352
228.304 277.4
193.8 341.24
227.544 280.744
230.28 260.984
269.952 297.464
212.04 324.216
858.496 237.576
380.152 307.496
648.736 287.432
643.416 290.776
346.104 317.528
165.072 317.528
227.544 290.776
857.28 457.976
859.712 468.008
859.104 464.664
241.832 280.744
239.552 281.048
859.712 264.024
422.408 320.872
405.992 307.496
855.0 428.184
412.984 310.84
614.688 170.696
246.696 274.36
857.432 407.816
856.52 424.84
860.624 398.088
856.824 414.808
859.864 408.12
139.232 367.992
859.256 454.632
869.592 478.344
853.024 464.968
869.44 474.696
856.064 468.312
853.784 471.656
854.24 471.352
869.44 485.032
139.384 371.336
857.432 418.152
612.256 371.032
857.584 411.16
859.408 404.472
859.408 404.776
859.408 401.128
857.28 414.504
42.256 378.024
92.112 378.024
860.776 484.728
858.952 431.224
93.48 374.376
860.32 427.88
92.112 381.064
861.536 424.536
859.408 431.528
860.32 444.6
860.472 451.288
110.2 371.032
869.136 424.536
859.864 434.872
859.864 441.256
21.584 378.024
859.712 448.248
859.56 437.912
20.976 374.68
860.168 471.656
229.672 314.184
229.672 314.488
198.208 311.144
223.896 300.808
236.36 307.496
385.624 374.68
192.128 311.144
216.6 317.528
224.2 314.184
222.528 294.424
236.36 260.984
220.4 291.08
453.568 247.304
436.088 267.672
455.392 240.616
453.416 247.608
279.528 274.36
245.328 304.152
657.704 150.632
282.872 271.016
231.04 260.68
247.0 304.456
284.088 274.056
348.08 327.56
227.24 291.08
340.784 320.872
663.936 481.384
145.616 364.648
142.88 344.28
143.944 371.336
431.072 247.304
539.296 364.648
389.728 277.4
246.696 271.016
231.648 274.36
184.376 330.904
262.96 310.84
193.344 344.28
235.448 294.12
251.864 287.736
200.944 334.248
325.432 257.64
238.944 284.088
236.056 264.024
272.536 277.704
178.904 330.904
347.32 250.952
194.256 340.936
148.504 364.344
246.544 300.808
295.336 267.368
659.376 264.024
271.776 294.12
235.296 287.432
200.184 347.624
605.264 167.048
278.768 267.368
259.464 281.048
309.624 327.56
203.832 347.928
343.824 364.344
309.624 327.864
321.48 324.216
240.008 297.464
422.56 317.832
178.6 311.144
283.024 277.4
312.664 330.904
194.864 364.344
246.696 274.056
390.032 271.016
298.376 297.768
198.056 320.872
293.816 301.112
369.36 320.872
137.408 334.248
221.616 344.28
295.488 260.68
321.024 327.56
301.416 290.776
311.6 274.36
231.8 304.456
319.2 330.904
371.032 324.216
245.784 291.08
414.656 311.144
167.808 320.872
346.104 314.488
447.64 230.888
394.744 267.672
179.664 310.84
405.232 347.624
261.744 307.496
862.6 234.232
343.368 274.056
430.312 257.64
177.992 351.272
253.992 281.048
385.776 374.376
295.944 260.984
333.184 271.016
472.264 223.896
222.224 384.712
368.6 374.68
232.104 307.496
859.864 461.32
645.544 210.52
256.728 347.928
248.064 290.776
389.272 274.36
430.768 230.888
348.08 324.52
277.704 344.28
217.208 357.96
456.608 384.408
656.944 153.672
275.424 277.4
401.736 344.584
605.872 364.648
276.032 347.928
621.832 284.392
532.76 378.024
613.016 174.04
331.208 330.904
309.472 361.304
407.816 284.088
596.752 388.056
639.92 213.864
221.464 388.056
387.752 294.12
340.936 314.184
243.656 364.648
246.696 357.96
249.128 354.312
259.008 344.28
326.952 330.904
278.768 287.736
236.512 284.392
147.896 367.688
234.84 290.776
257.488 284.088
347.168 254.296
260.072 274.056
241.072 301.112
263.568 287.736
263.568 284.392
859.56 454.936
189.392 314.488
199.12 321.176
315.856 374.376
240.464 297.768
404.32 304.456
201.4 324.216
222.072 387.752
173.432 324.216
552.672 277.704
638.096 243.96
366.928 297.768
222.224 384.408
253.84 284.088
560.88 274.056
391.552 317.832
639.464 163.704
253.384 264.024
238.336 277.4
855.304 451.288
859.408 447.944
171.76 357.656
270.56 337.896
869.136 431.224
860.32 441.56
860.32 438.216
858.04 451.592
265.544 280.744
284.24 277.704
571.824 371.336
869.136 427.88
859.56 444.904
855.912 427.88
851.048 464.664
844.056 357.96
844.664 361.0
850.896 364.344
848.464 367.688
858.192 378.024
859.104 384.408
853.48 461.32
836.152 447.944
840.864 457.976
835.544 451.288
847.704 454.632
843.144 444.904
851.352 451.592
838.888 364.648
839.648 381.064
838.432 367.992
845.424 367.992
849.072 457.976
848.92 361.304
851.808 387.752
853.176 388.056
853.024 374.68
839.04 454.632
861.232 391.096
861.384 394.44
851.504 394.44
836.76 468.312
837.368 441.256
837.672 374.68
842.688 364.648
861.536 387.752
853.936 458.28
848.312 464.968
843.6 461.624
841.32 451.592
848.16 364.648
850.896 371.032
850.136 357.656
852.72 354.312
856.064 371.336
861.08 391.4
840.256 464.968
852.872 468.008
854.696 381.368
852.416 378.024
854.696 391.4
853.024 377.72
844.664 364.344
852.112 381.064
836.912 444.6
848.16 471.352
848.312 468.312
837.064 448.248
843.448 454.936
753.312 337.592
851.96 357.96
854.544 351.272
856.976 367.688
856.672 371.032
857.128 364.344
848.16 434.568
860.776 388.056
854.24 441.56
850.592 431.528
851.352 437.912
854.088 434.872
854.392 444.6
760.76 418.152
836.76 471.352
846.792 468.008
841.168 464.664
854.24 454.632
853.784 461.624
848.008 454.936
852.416 394.744
848.616 377.72
835.848 444.904
843.752 434.568
838.736 447.944
852.416 384.712
847.856 424.536
836.304 468.008
841.624 451.288
682.176 249.28
689.928 417.848
730.664 404.472
729.144 408.12
729.296 401.128
728.232 401.432
729.752 404.776
729.296 407.816
735.072 414.504
737.96 414.808
741.152 411.464
738.72 408.12
735.224 411.16
734.768 408.12
735.224 411.464
741.152 414.504
718.2 394.44
723.368 397.784
723.368 394.744
717.744 394.744
719.112 404.776
722.76 404.472
717.136 401.128
723.064 398.088
723.368 391.4
722.912 388.056
723.368 391.096
723.976 387.752
723.216 401.128
712.272 394.744
713.032 397.784
756.656 388.056
754.376 391.096
751.336 381.368
751.488 387.752
748.904 388.056
756.048 394.44
751.336 384.408
761.976 391.4
759.848 391.096
751.336 391.4
751.64 384.712
754.832 397.784
760.912 394.744
759.696 397.784
754.224 357.656
756.656 357.96
752.096 367.992
761.976 354.616
773.832 367.688
769.12 364.648
770.944 361.304
765.168 361.304
780.216 364.648
780.52 364.344
781.28 237.576
781.888 240.616
797.848 240.616
773.224 250.648
790.856 244.264
775.352 247.608
803.32 297.768
669.56 471.352
668.952 474.696
668.192 478.04
678.376 458.28
672.448 468.008
670.168 478.344
680.656 461.32
677.008 461.624
690.08 458.28
682.784 457.976
682.48 454.936
690.536 457.976
691.144 454.632
691.904 461.624
697.224 454.632
697.68 461.32
697.072 454.936
701.784 448.248
701.176 451.288
701.024 451.592
696.008 461.624
697.072 457.976
668.952 447.944
671.232 448.248
679.896 454.632
679.136 451.592
666.976 448.248
663.936 444.904
678.832 448.248
676.552 451.288
659.528 454.936
660.744 454.632
660.896 451.288
662.72 447.944
658.312 444.904
656.64 447.944
658.464 451.592
703.304 444.6
702.696 441.256
702.848 441.56
707.864 444.904
694.488 434.872
688.712 434.568
711.512 441.56
707.256 447.944
691.904 431.528
694.336 428.184
694.488 434.568
694.488 431.224
694.336 437.912
690.688 437.912
700.264 437.912
703.152 438.216
676.4 434.568
676.552 437.912
671.992 428.184
665.76 431.224
666.824 421.192
669.408 431.224
671.84 424.84
671.992 427.88
676.704 431.224
666.064 424.84
666.976 424.536
708.32 424.84
709.84 424.536
721.848 437.912
723.824 438.216
721.544 434.568
721.24 431.528
721.24 428.184
721.544 434.872
714.248 421.192
717.896 427.88
721.088 421.496
719.872 424.84
721.24 424.536
721.392 431.224
714.856 421.496
714.096 424.84
689.776 414.808
693.424 421.192
696.312 418.152
696.16 414.504
694.792 424.84
688.104 414.504
695.704 411.464
694.792 427.88
694.944 424.536
701.784 421.496
690.536 418.152
696.008 421.496
701.328 424.536
777.48 441.256
787.056 444.6
782.496 434.872
733.856 418.152
732.64 421.496
749.664 431.224
748.448 424.84
735.528 417.848
732.488 427.88
746.928 424.536
758.024 437.912
753.464 434.872
774.592 458.28
788.12 461.32
780.368 458.28
781.888 461.624
787.36 464.968
788.272 461.624
763.8 454.632
766.536 457.976
787.36 468.312
784.168 464.664
783.256 461.32
785.992 468.008
786.904 471.656
749.968 444.6
753.312 441.56
755.744 444.6
736.136 441.56
732.032 444.6
725.8 444.6
753.92 464.968
758.48 461.624
761.52 471.656
755.744 471.656
759.696 468.008
748.144 468.008
759.088 457.976
741.304 461.32
746.624 457.976
752.856 454.936
740.696 454.936
740.696 457.976
746.928 461.32
752.552 461.32
746.624 461.624
741.0 464.664
747.688 464.968
752.552 461.624
740.696 461.624
740.544 458.28
749.208 464.664
761.064 458.28
705.584 471.352
704.368 474.696
704.368 475.0
702.088 471.656
704.368 478.04
705.28 464.968
705.432 468.008
692.056 468.312
697.832 471.352
699.504 468.008
692.36 471.352
697.224 464.968
691.752 468.008
704.672 468.312
697.832 468.312
717.896 464.664
711.968 468.008
716.224 461.32
714.552 454.936
720.784 457.976
715.008 457.976
717.44 461.624
714.4 464.968
716.224 458.28
720.784 454.936
719.568 441.56
719.72 444.904
721.24 454.632
722.912 448.248
722.912 451.288
721.392 451.592
661.504 478.04
663.48 471.352
661.048 474.696
662.112 471.656
668.344 471.656
666.672 475.0
669.56 468.312
787.36 233.928
783.56 230.584
777.784 227.24
793.896 227.544
782.648 233.928
765.624 437.912
775.96 441.56
773.984 438.216
765.928 447.944
765.928 451.288
829.768 357.656
831.744 357.96
851.808 284.392
773.376 260.984
773.072 264.024
786.904 264.024
788.88 260.984
774.136 257.64
773.072 253.992
827.488 351.272
846.032 347.624
838.28 354.312
786.904 260.68
844.056 324.216
765.168 294.424
767.6 264.328
801.8 271.016
842.384 331.208
846.032 334.248
792.68 264.024
793.592 260.984
788.576 253.992
825.664 347.928
824.448 344.584
803.776 267.672
805.144 267.368
849.072 284.088
837.824 284.392
808.032 297.464
815.328 294.424
830.832 300.808
840.104 320.872
841.472 314.184
834.936 311.144
844.36 321.176
831.288 294.12
779.0 301.112
775.656 297.768
775.808 294.424
815.328 341.24
807.424 337.896
815.176 344.28
775.504 300.808
811.68 334.248
807.272 271.016
851.96 327.864
817.304 344.584
806.208 334.248
798.76 237.272
811.984 257.64
815.936 254.296
814.568 257.336
810.16 260.68
806.056 337.592
797.088 197.448
797.24 194.104
796.632 190.456
778.088 254.296
840.56 314.488
834.784 310.84
807.12 344.28
858.192 321.176
857.28 324.216
822.624 297.464
808.184 294.424
861.992 327.56
859.864 330.904
860.32 331.208
861.992 327.864
836.608 357.96
843.6 354.312
824.296 344.28
852.112 287.432
854.696 284.088
803.168 187.416
797.696 237.576
798.456 234.232
801.8 190.456
782.192 260.984
848.92 331.208
857.584 334.248
854.848 331.208
853.784 337.592
854.392 340.936
856.52 327.56
846.64 284.392
841.472 284.392
841.472 287.432
766.84 267.672
794.96 270.712
796.48 271.016
859.864 324.52
849.376 337.592
846.792 334.552
811.68 297.768
849.376 341.24
777.176 250.952
846.792 327.864
826.576 357.96
824.144 354.616
774.136 257.336
777.176 253.992
836.608 357.656
838.736 351.272
834.328 361.304
781.888 260.68
781.736 257.336
831.744 354.616
779.0 237.272
810.616 240.92
813.656 224.2
815.176 220.552
804.536 194.104
821.256 217.208
806.208 223.896
810.464 214.168
778.088 307.496
794.352 314.488
765.928 270.712
844.056 351.272
847.552 344.28
842.536 330.904
794.2 324.216
773.224 317.832
791.768 321.176
802.104 310.84
798.152 347.928
806.056 347.928
787.664 350.968
779.152 317.832
760.608 468.312
749.664 471.352
759.696 464.968
696.008 417.848
748.448 468.312
772.616 457.976
778.848 243.96
777.176 304.152
782.192 297.768
815.176 327.864
812.744 314.488
829.008 210.824
826.12 217.512
832.808 213.864
833.568 220.856
808.184 210.52
820.344 220.552
827.792 213.864
828.248 214.168
822.928 210.824
834.936 210.52
803.168 200.488
803.32 197.448
802.712 210.52
799.976 200.792
804.688 193.8
799.824 344.584
765.624 314.184
790.856 307.8
804.992 307.496
740.544 421.496
748.752 427.88
732.792 424.84
813.048 317.528
806.664 270.712
795.416 247.304
798.0 243.96
813.504 227.24
802.408 190.76
799.824 233.928
796.632 190.76
797.392 197.144
767.144 294.12
773.224 317.528
787.208 347.928
696.312 471.656
770.944 304.456
831.744 307.8
656.792 448.248
729.6 441.56
829.16 301.112
729.6 441.256
799.52 340.936
776.568 337.896
757.872 431.224
787.208 344.584
793.744 230.584
673.816 431.528
806.36 264.328
755.136 394.744
806.512 257.64
806.512 257.336
800.736 327.864
739.48 424.536
746.928 441.56
738.112 444.6
749.664 471.656
759.24 461.32
755.592 471.352
688.56 454.936
696.464 464.664
675.64 434.872
666.216 428.184
666.976 421.496
734.92 407.816
723.976 401.432
716.68 398.088
759.544 398.088
750.88 351.272
758.936 361.304
750.272 357.656
750.88 354.312
749.968 357.96
755.136 371.032
757.264 364.344
756.808 361.0
754.984 371.336
763.952 357.96
754.224 364.648
754.072 367.688
765.624 354.312
769.424 357.656
767.448 361.0
768.512 354.616
766.232 351.272
779.456 361.304
777.784 367.688
775.048 367.992
771.096 364.344
765.472 364.648
774.288 243.96
774.288 244.264
781.432 247.304
773.224 247.304
794.808 253.992
796.176 257.336
789.184 250.952
750.88 431.528
788.424 337.896
771.096 304.152
769.576 441.56
767.752 310.84
816.088 243.96
773.832 324.52
762.432 320.872
772.312 330.904
779.304 324.52
812.288 237.272
836.76 210.824
764.864 307.496
786.448 310.84
814.264 250.952
765.016 307.8
785.84 314.488
800.28 330.904
799.52 317.528
799.52 314.488
800.432 334.248
786.144 334.248
792.984 317.528
793.744 344.28
795.872 331.208
785.688 317.528
774.896 314.488
787.664 311.144
802.104 314.184
792.376 351.272
761.672 300.808
834.48 217.208
816.24 244.264
804.08 311.144
799.52 320.872
799.976 327.56
792.68 310.84
797.24 307.8
783.256 314.184
798.76 350.968
793.592 354.312
771.4 310.84
792.224 227.24
783.256 227.544
778.24 230.888
788.728 234.232
799.672 224.2
801.8 223.896
809.704 220.552
785.688 224.2
777.176 224.2
777.784 230.584
785.384 227.24
798.608 227.24
801.648 220.552
808.032 227.24
799.064 307.496
768.208 444.904
765.624 441.256
769.88 441.256
783.104 444.6
777.328 444.6
786.752 441.256
755.744 438.216
755.44 441.256
734.16 444.904
792.528 304.456
782.952 441.256
768.208 454.936
761.52 471.352
806.816 330.904
815.936 250.648
800.888 257.64
788.12 464.664
806.056 301.112
803.32 260.68
777.328 320.872
795.72 254.296
721.544 441.256
695.856 414.808
674.728 464.664
742.064 444.6
742.824 444.904
680.656 437.912
752.4 434.568
821.256 213.864
799.064 260.984
767.144 297.464
798.304 304.456
772.312 301.112
766.232 297.768
779.456 307.8
784.168 304.456
763.344 304.152
808.944 254.296
768.664 267.368
774.136 311.144
775.808 321.176
799.976 324.52
775.048 327.56
773.376 314.184
785.688 230.888
783.864 337.896
783.256 330.904
783.408 331.208
773.984 334.248
775.808 331.208
775.96 337.592
787.36 340.936
787.512 344.28
780.672 337.592
787.208 347.624
772.312 334.248
778.088 334.552
769.272 324.52
786.904 354.312
763.192 321.176
835.696 361.0
848.464 330.904
846.64 337.896
769.88 271.016
836.0 350.968
821.864 344.28
844.208 317.832
788.272 257.336
829.92 344.584
766.688 264.024
765.624 257.336
793.44 277.704
857.432 284.392
786.6 254.296
839.344 327.56
850.592 334.248
844.36 320.872
844.056 317.528
773.984 271.016
858.952 320.872
836.304 317.832
849.224 324.216
853.936 321.176
816.24 240.616
799.52 240.92
800.128 244.264
810.312 230.584
811.832 257.336
796.176 244.264
798.76 247.608
804.84 213.864
812.136 243.96
809.096 213.864
805.144 210.824
802.712 220.856
816.848 237.576
808.792 264.024
807.576 260.984
803.32 264.024
815.024 247.608
825.664 284.392
807.12 280.744
812.44 287.432
796.632 250.648
800.584 274.36
818.368 277.704
823.536 287.736
846.944 281.048
854.848 281.048
799.976 280.744
826.728 281.048
834.784 284.088
830.68 287.432
765.928 330.904
846.64 324.52
841.168 281.048
812.44 281.048
759.392 317.832
807.12 274.36
751.184 424.536
749.664 418.152
753.464 428.184
807.12 277.704
803.928 344.584
784.016 300.808
744.8 414.808
745.408 418.152
754.072 424.84
817.76 347.624
779.152 294.12
780.52 438.216
815.48 284.088
782.04 297.464
788.12 247.304
771.248 294.12
740.544 421.192
777.936 437.912
770.032 434.568
804.536 230.584
807.88 224.2
772.616 434.872
799.216 277.704
848.616 277.704
750.88 421.496
761.52 428.184
756.352 427.88
799.824 301.112
735.072 421.192
783.712 247.608
784.928 240.92
831.288 307.496
738.72 427.88
787.664 437.912
778.696 434.568
784.168 250.648
809.552 347.624
761.672 431.528
789.944 250.648
782.192 244.264
769.728 431.528
745.256 421.192
771.4 434.568
738.72 424.84
758.48 434.872
758.176 441.256
839.648 317.528
845.88 354.616
809.4 350.968
770.032 434.872
759.848 434.568
787.816 441.56
762.584 444.6
806.056 300.808
778.696 431.528
816.24 300.808
827.792 310.84
784.168 301.112
834.48 314.488
769.576 444.6
819.584 284.392
776.112 304.456
806.816 327.864
815.328 340.936
835.088 321.176
764.56 448.248
817.304 350.968
840.56 324.52
813.504 324.52
805.144 334.552
780.824 334.552
812.288 320.872
793.592 300.808
809.552 324.216
835.392 223.896
813.2 321.176
792.376 234.232
798.304 304.152
784.016 304.152
792.68 237.272
805.752 304.456
839.648 317.832
819.28 354.312
812.744 317.832
807.12 331.208
834.632 214.168
810.92 334.552
812.44 327.56
835.088 220.552
813.352 233.928
848.768 344.584
817.0 230.584
813.808 234.232
793.136 243.96
789.792 307.496
817.456 297.768
790.4 240.616
834.024 320.872
806.816 244.264
805.752 274.056
841.32 280.744
818.824 287.432
826.12 307.496
796.328 230.888
815.328 324.216
811.072 277.704
824.904 287.432
810.008 284.088
807.12 277.4
825.056 284.088
834.784 281.048
818.52 281.048
830.832 284.088
791.616 304.152
822.016 300.808
812.592 284.392
768.208 334.552
816.696 247.304
853.328 280.744
799.52 337.896
782.8 320.872
786.144 330.904
810.92 227.544
815.936 280.744
796.48 277.4
812.44 294.12
827.792 347.624
790.704 240.92
821.256 301.112
809.4 247.608
761.672 304.456
815.176 297.464
794.656 264.328
779.152 327.864
828.856 304.456
811.224 247.304
811.376 344.584
802.864 237.576
812.744 347.928
754.528 468.312
799.824 300.808
785.688 307.496
790.704 331.208
799.216 321.176
837.216 350.968
818.672 347.928
754.072 468.008
799.216 334.552
766.08 324.216
810.616 230.888
821.104 341.24
817.304 230.888
806.056 247.304
806.664 240.92
816.696 227.544
780.368 334.248
794.504 301.112
681.416 245.936
723.672 260.68
740.696 253.992
734.16 267.672
730.056 257.336
736.44 257.336
737.2 264.024
742.976 254.296
747.536 264.024
736.288 260.68
736.136 267.368
742.672 257.336
740.848 250.648
730.968 294.12
729.296 291.08
736.592 287.736
740.088 287.432
733.4 294.424
725.8 294.424
724.128 297.464
731.12 290.776
736.896 291.08
736.288 281.048
736.44 284.088
736.592 284.392
756.504 294.12
754.832 287.736
752.552 294.12
742.52 287.736
744.8 297.464
756.352 297.464
747.992 294.424
746.624 294.12
749.968 291.08
748.6 287.736
747.384 290.776
739.176 317.528
721.848 307.496
727.928 311.144
708.168 157.016
702.24 160.664
707.712 163.704
707.712 164.008
702.24 160.36
708.168 160.664
706.8 167.352
706.648 170.392
693.424 210.52
685.672 214.168
692.208 210.824
689.624 214.168
686.128 210.824
699.808 213.864
697.984 210.824
677.92 214.168
680.656 210.52
684.152 217.208
679.744 217.208
680.2 210.824
695.248 177.384
703.152 177.08
689.624 177.08
701.176 177.384
707.56 173.736
708.32 170.696
703.912 174.04
689.624 180.424
696.16 174.04
698.136 173.736
693.12 180.728
695.4 180.424
689.776 174.04
701.176 180.424
695.552 177.08
689.928 173.736
688.104 237.272
694.792 234.232
695.704 230.888
688.408 234.232
702.088 224.2
701.176 227.24
702.696 230.584
709.08 230.888
686.432 240.616
684.76 240.92
688.408 233.928
687.192 243.96
693.728 233.928
692.208 240.616
689.776 237.576
687.192 247.608
714.096 207.48
709.84 207.176
714.704 204.136
704.216 210.52
720.632 200.792
716.376 207.176
716.528 203.832
716.376 210.52
708.016 213.864
701.936 210.824
701.936 217.208
704.216 214.168
716.224 200.488
710.448 210.52
710.144 207.48
708.32 210.824
722.912 227.544
724.736 227.24
726.864 230.584
710.144 234.232
728.992 224.2
729.296 227.544
721.24 237.576
714.856 230.584
720.48 233.928
725.648 223.896
720.632 237.272
714.856 230.888
725.8 253.992
722.304 264.024
730.816 260.984
726.104 254.296
716.68 267.368
716.376 264.328
730.056 260.68
725.952 257.64
718.352 274.056
718.2 271.016
722.608 260.984
717.896 270.712
722.152 264.328
762.888 230.584
763.648 217.512
759.544 223.896
758.632 230.888
759.088 227.544
763.8 227.24
763.8 220.552
757.72 237.576
756.2 240.616
764.104 224.2
752.856 230.888
758.328 227.24
756.656 240.92
752.4 230.584
733.248 230.888
732.184 227.24
734.312 230.584
728.84 220.856
746.624 227.544
744.496 227.24
744.192 223.896
738.416 227.24
736.44 224.2
742.216 224.2
740.848 227.544
746.168 197.144
747.84 197.448
746.776 203.832
756.656 194.104
756.808 190.76
757.264 200.488
753.768 197.144
755.744 190.456
738.112 200.792
732.64 207.176
722.608 203.832
731.728 200.792
737.048 197.144
741.0 190.76
722.608 204.136
731.12 204.136
742.52 200.488
740.696 197.144
737.96 203.832
738.72 197.448
739.936 194.104
722.456 200.488
733.4 203.832
740.848 177.384
740.696 173.736
743.888 170.392
743.888 167.352
740.848 180.424
740.088 184.072
740.24 180.728
746.776 167.048
746.472 170.696
750.424 170.696
750.272 170.392
749.664 163.704
728.232 177.384
722.608 180.728
720.024 193.8
722.304 173.736
727.776 174.04
722.0 177.08
720.176 197.144
720.328 194.104
722.608 183.768
721.696 187.112
721.544 184.072
727.168 180.424
720.632 190.76
728.08 157.016
728.08 173.736
726.408 170.392
727.776 157.32
726.408 167.352
734.16 153.976
734.768 157.016
735.528 150.632
696.464 194.104
697.224 197.448
687.952 187.112
691.752 184.072
698.44 187.112
685.064 180.728
686.128 187.416
697.984 190.456
694.184 187.112
702.696 157.016
708.472 153.672
685.368 351.272
685.216 347.928
678.072 357.656
677.616 347.928
792.528 398.088
794.2 401.128
780.216 408.12
771.856 404.472
777.48 407.816
788.88 401.432
801.496 411.16
788.576 434.872
795.416 421.496
788.12 424.536
795.416 427.88
795.416 418.152
795.416 408.12
795.872 414.808
800.584 411.464
781.736 434.568
795.264 424.84
788.12 431.528
795.72 424.536
795.72 411.16
795.416 421.192
796.024 401.432
800.28 404.776
801.04 407.816
766.688 414.808
771.248 417.848
778.088 404.776
783.256 407.816
750.88 271.016
750.272 274.056
759.696 250.648
744.192 250.952
751.184 264.328
746.624 254.296
750.728 267.672
760.456 240.616
751.336 247.608
754.528 253.992
752.4 227.544
753.616 234.232
805.448 457.976
794.808 458.28
840.712 384.408
829.464 371.032
829.92 364.344
841.928 384.712
828.552 361.304
797.696 464.664
816.088 354.616
820.04 357.656
833.416 384.712
827.944 371.336
824.296 384.712
816.24 428.184
817.608 427.88
828.096 384.712
829.464 381.064
816.392 384.712
801.952 447.944
795.264 444.904
797.088 444.6
808.336 471.656
800.888 471.352
802.408 468.312
807.728 468.008
721.696 304.152
723.064 301.112
799.824 381.368
812.44 411.464
803.624 451.592
799.064 457.976
800.736 454.632
829.464 364.648
828.096 374.376
829.008 378.024
843.296 424.84
839.648 431.528
842.384 428.184
835.392 424.536
834.024 427.88
836.912 428.184
840.408 421.496
797.24 464.968
795.568 461.624
814.416 354.312
807.424 354.312
804.688 354.616
797.696 357.656
798.0 354.616
808.64 354.616
805.752 458.28
805.904 461.32
684.304 381.064
677.464 354.616
719.568 327.864
715.312 334.552
677.768 364.344
713.792 344.28
679.744 374.68
696.464 361.304
800.128 387.752
840.56 391.096
841.928 387.752
844.36 421.496
687.04 183.768
696.616 193.8
684.912 177.384
717.44 267.672
685.216 184.072
694.032 190.456
697.224 190.76
807.728 404.776
803.928 434.872
677.616 357.96
684.912 364.344
684.0 378.024
677.768 364.648
681.72 367.992
685.672 374.68
684.0 377.72
677.616 371.336
685.976 371.336
680.656 374.376
827.792 421.496
804.84 464.664
795.416 454.632
835.088 384.408
705.128 364.344
709.384 347.928
751.64 197.448
747.688 200.792
751.032 200.488
727.928 160.36
744.8 204.136
736.44 223.896
750.12 167.352
742.52 291.08
757.568 193.8
732.792 207.48
726.104 167.048
750.272 160.664
687.04 210.52
751.032 190.76
727.624 217.512
691.144 213.864
722.912 170.696
727.624 160.664
726.408 220.552
727.016 163.704
820.04 381.368
745.712 320.872
732.336 317.832
739.176 314.184
682.936 354.616
678.376 344.584
678.832 340.936
680.2 350.968
690.08 364.344
677.464 361.304
731.12 314.184
760.912 414.808
739.784 311.144
725.344 314.184
788.728 401.128
777.328 404.472
773.224 391.4
768.664 391.096
777.784 387.752
800.28 391.4
803.016 431.224
804.84 424.536
783.712 377.72
716.68 340.936
711.816 350.968
726.104 381.064
767.296 388.056
784.472 384.408
677.16 354.312
726.256 250.952
795.872 407.816
703.456 361.0
699.656 357.96
699.656 367.992
772.312 404.776
767.144 401.432
740.544 250.952
725.192 294.12
725.344 291.08
725.344 290.776
755.136 284.392
756.2 294.424
744.04 294.424
753.616 193.8
740.696 177.08
734.008 257.64
746.472 173.736
742.976 260.984
746.928 317.832
714.552 237.272
827.944 424.84
728.232 153.976
720.936 230.888
728.688 153.672
744.192 220.856
746.168 321.176
789.032 397.784
795.872 414.504
775.048 401.432
791.312 388.056
784.472 414.504
777.784 417.848
770.488 401.128
736.896 227.544
778.24 388.056
706.496 371.336
705.736 357.96
733.552 317.528
722.912 230.584
738.872 317.832
835.544 387.752
778.696 418.152
785.08 411.16
787.208 418.152
784.016 398.088
784.016 424.84
825.512 384.408
708.32 354.616
752.704 290.776
768.208 404.472
801.8 451.288
697.224 364.344
696.92 367.688
757.264 247.608
749.664 250.952
759.696 247.304
757.416 243.96
760.608 240.92
708.624 250.952
702.392 250.952
708.776 244.264
708.624 247.304
710.144 237.576
718.656 243.96
708.928 240.92
708.928 243.96
704.216 253.992
708.776 250.648
701.176 260.68
701.632 257.64
701.936 260.984
703.608 264.024
701.328 254.296
701.784 257.336
742.216 260.68
783.712 351.272
785.536 431.224
709.232 351.272
776.568 421.496
752.4 244.264
728.232 177.08
807.88 471.352
720.632 187.416
722.152 304.456
737.2 260.984
702.544 153.976
684.304 213.864
715.92 234.232
696.312 207.48
735.528 153.672
721.696 311.144
722.0 310.84
718.656 317.832
719.264 320.872
719.416 317.528
728.84 314.488
726.104 317.832
765.32 397.784
801.04 397.784
783.256 401.432
772.92 398.088
764.712 401.128
769.272 398.088
790.096 434.568
792.528 434.872
776.72 424.84
796.176 398.088
785.232 421.496
801.496 398.088
684.912 347.624
685.672 344.584
711.208 378.024
698.592 361.0
706.344 367.688
678.984 344.28
678.832 341.24
712.12 344.584
719.872 321.176
720.936 324.52
812.288 414.808
702.848 150.632
708.624 150.632
708.472 153.976
708.168 160.36
702.392 153.672
720.784 331.208
715.312 331.208
708.32 344.28
795.264 417.848
779.456 411.464
765.32 327.864
769.576 327.56
764.104 327.56
757.416 334.248
761.976 321.176
760.0 320.872
768.056 334.248
761.064 324.52
772.16 337.896
758.024 330.904
770.944 337.592
755.896 327.864
770.032 331.208
769.88 327.864
762.736 330.904
763.496 237.272
764.256 243.96
767.448 220.856
761.52 244.264
768.512 227.544
765.016 240.616
751.944 250.648
749.664 247.304
758.328 230.584
764.56 247.608
768.056 223.896
763.496 237.576
763.192 220.856
752.856 281.048
755.592 257.336
753.16 277.4
758.936 237.272
752.856 274.36
753.92 264.024
753.312 257.64
759.848 257.336
751.64 284.088
754.224 260.984
744.952 260.68
752.704 267.368
745.408 257.336
753.312 257.336
760.152 260.68
751.184 237.272
767.296 227.544
759.24 250.952
829.464 367.688
805.904 464.968
803.776 464.968
802.256 461.624
831.44 431.528
794.96 454.936
795.112 451.592
814.568 351.272
844.208 391.4
843.6 427.88
803.776 461.624
835.848 388.056
744.952 384.408
752.248 404.776
744.8 388.056
725.192 384.408
750.272 364.648
749.968 374.68
750.728 377.72
749.816 378.024
754.528 327.56
825.512 381.368
717.592 391.096
754.072 411.464
718.048 401.432
744.344 378.024
751.488 320.872
756.2 401.432
744.8 381.368
750.728 401.432
716.68 388.056
758.024 404.776
760.608 414.504
746.168 384.712
761.52 371.032
779.456 371.336
780.368 398.088
706.952 377.72
722.456 407.816
750.576 374.376
725.8 378.024
706.496 374.68
712.576 384.408
724.432 384.712
761.216 411.464
787.36 361.0
719.416 381.368
760.76 367.992
725.648 381.368
762.736 404.472
711.816 381.368
712.88 384.712
782.8 404.472
794.96 381.064
829.768 431.528
801.952 441.256
717.896 387.752
815.784 421.192
812.592 381.368
802.56 444.6
798.152 438.216
815.176 421.496
791.16 387.752
812.44 414.504
812.136 408.12
788.88 378.024
801.8 441.56
793.744 357.656
805.6 401.432
759.848 408.12
815.024 424.536
787.664 357.96
802.256 394.44
812.592 411.16
813.96 398.088
785.84 371.032
815.024 397.784
806.36 411.464
799.976 388.056
789.184 384.712
786.752 357.656
750.424 364.344
827.336 394.44
794.96 384.408
805.448 401.128
803.32 431.528
828.248 387.752
804.84 421.192
799.216 437.912
817.456 384.408
810.464 407.816
804.992 427.88
811.528 401.432
802.864 437.912
714.4 337.592
820.648 394.744
751.032 361.0
761.672 401.432
795.264 434.568
784.016 388.056
788.424 374.68
793.592 437.912
753.768 324.52
796.48 384.712
812.744 394.744
779.608 367.992
779.456 374.68
773.224 374.68
716.528 381.064
718.048 384.408
718.048 384.712
754.984 414.504
754.072 401.128
754.528 398.088
754.224 331.208
769.88 414.504
828.4 431.224
749.968 391.096
836.912 431.224
754.68 407.816
781.888 371.032
795.72 448.248
691.904 187.416
726.104 320.872
767.448 391.4
789.032 384.408
828.704 388.056
813.2 418.152
815.176 381.064
752.4 321.176
836.912 391.4
795.416 391.096
827.792 424.536
804.84 424.84
751.336 324.52
726.56 327.864
773.984 394.744
807.88 357.656
803.32 454.936
801.8 448.248
803.168 434.568
828.248 394.744
757.416 197.448
800.28 384.712
782.8 384.712
776.568 391.096
736.44 294.12
805.296 421.496
722.456 177.384
796.024 447.944
828.248 428.184
759.088 257.64
153.368 175.408
139.232 165.376
140.752 178.752
143.944 175.408
148.656 175.408
140.6 168.72
150.936 178.752
140.6 172.064
165.832 175.408
167.2 165.376
164.768 179.056
383.192 169.024
203.072 168.72
209.0 168.72
174.192 162.336
185.896 162.032
407.208 167.048
174.952 164.008
187.416 160.36
196.536 160.664
124.944 163.704
179.056 170.392
197.296 163.704
309.168 163.704
176.776 160.36
110.96 160.664
120.232 163.704
114.608 163.704
123.424 167.048
123.424 167.352
117.496 160.664
128.896 173.736
110.656 164.008
145.464 183.768
154.28 183.768
132.088 183.768
144.856 177.384
135.584 177.08
138.016 183.768
135.432 180.728
133.152 177.384
111.264 177.384
123.728 180.424
113.24 180.424
122.208 173.736
112.176 174.04
122.512 180.728
127.528 180.424
112.48 177.08
132.848 163.704
133.152 164.008
137.408 160.36
143.336 164.008
133.304 170.696
142.12 170.392
123.424 164.008
124.944 160.664
134.976 167.048
129.656 170.392
131.176 160.664
135.128 167.352
122.968 170.392
110.656 183.768
123.272 183.768
110.656 180.728
129.048 177.384
121.6 174.04
115.824 183.768
128.44 183.768
110.656 173.736
143.792 180.424
152.608 180.424
154.128 180.728
139.232 177.08
135.432 174.04
143.488 180.728
133.76 180.424
132.544 173.736
110.656 167.048
118.104 167.352
110.048 170.696
128.44 174.04
112.48 167.352
116.888 173.736
128.136 177.08
110.808 170.392
186.2 177.384
202.616 164.008
235.904 157.016
307.952 164.008
326.04 163.704
145.768 170.392
153.216 177.08
155.04 177.384
159.448 173.736
145.312 173.736
152.76 173.736
164.616 173.736
172.52 170.696
162.032 177.08
156.104 170.696
158.688 180.424
159.6 177.384
158.688 180.728
155.952 174.04
314.64 163.704
318.592 160.664
294.576 160.664
276.64 153.976
301.72 160.664
308.408 160.664
413.592 163.704
411.464 164.008
413.744 167.048
414.048 167.352
410.552 170.392
406.144 180.424
183.616 180.728
177.384 174.04
413.896 170.696
188.328 164.008
163.856 180.728
401.28 174.04
392.92 164.008
392.464 170.696
392.312 167.352
390.944 177.384
400.064 177.08
162.792 183.768
352.792 160.664
359.48 160.664
164.616 167.048
340.176 160.36
371.792 164.008
228.912 163.704
330.296 160.664
289.864 160.664
264.176 153.976
362.216 163.704
346.104 160.664
240.312 160.664
207.48 164.008
196.232 167.352
273.904 163.704
265.392 160.664
299.896 163.704
178.296 167.048
221.16 150.328
245.176 157.016
229.824 150.328
400.672 180.424
170.696 167.048
366.32 164.008
228.76 164.008
186.808 163.704
177.232 173.736
183.768 160.36
245.936 160.664
231.192 160.664
354.008 163.704
261.744 163.704
197.904 157.016
255.512 160.664
370.576 167.048
398.24 160.664
397.632 163.704
397.784 167.352
397.936 170.696
398.24 167.048
392.464 170.392
179.208 183.768
156.56 167.048
407.664 177.384
393.528 174.04
173.888 180.728
173.28 183.768
398.24 177.384
259.464 160.664
295.792 164.008
388.056 174.04
390.64 180.424
172.368 173.736
407.056 163.704
409.336 173.736
288.344 153.672
325.432 160.664
317.832 157.32
271.928 150.632
144.4 177.08
407.36 177.08
390.488 180.728
413.288 173.736
134.824 170.392
156.864 177.08
162.184 170.696
138.016 163.704
295.184 153.672
167.656 167.352
194.864 167.048
162.336 170.392
203.528 167.048
409.336 170.696
563.312 476.672
488.984 422.864
559.816 491.72
562.704 485.032
568.176 491.72
488.832 485.032
488.832 495.064
488.832 447.944
488.832 494.76
559.816 498.104
563.768 498.104
566.96 491.416
488.832 464.968
488.832 471.352
566.96 220.552
563.616 247.304
682.784 254.296
683.24 257.336
682.936 257.64
521.056 207.48
560.88 243.96
565.896 253.992
616.816 257.64
565.744 264.024
566.2 257.336
594.624 260.68
564.072 240.92
566.2 260.984
567.872 247.608
566.656 233.928
615.904 197.448
566.2 223.896
579.12 194.104
583.072 190.76
566.808 237.272
586.72 264.024
586.264 264.328
594.928 197.144
582.312 197.144
611.496 197.144
611.952 197.448
588.544 190.76
623.2 247.608
619.096 254.296
584.896 194.104
599.336 193.8
620.16 247.304
605.112 194.104
598.88 194.104
564.224 244.264
622.592 250.952
568.632 227.544
625.784 250.648
566.656 230.584
606.328 193.8
590.672 193.8
600.096 257.64
575.168 267.368
526.832 207.48
554.648 213.864
518.776 204.136
568.48 250.648
549.024 210.52
584.288 267.368
564.376 227.24
566.808 224.2
16.568 272.688
581.856 177.08
580.032 174.04
12.312 300.808
16.872 364.648
24.168 361.0
23.56 371.336
494.608 80.408
494.0 106.856
494.304 77.064
498.256 77.064
23.104 374.376
9.728 334.552
24.168 364.344
4.56 361.304
11.4 364.648
6.992 317.528
9.12 334.248
10.792 311.144
5.928 324.52
6.232 321.176
4.256 314.184
16.264 304.456
17.936 324.216
7.296 357.96
13.984 324.52
19.912 310.84
10.792 297.768
18.088 317.528
494.608 93.48
494.76 110.2
9.424 337.896
20.064 314.488
22.496 354.312
10.792 330.904
5.928 310.84
7.904 340.936
10.032 304.456
26.904 347.928
26.448 351.272
12.16 351.272
562.4 110.2
10.032 307.8
20.064 321.176
5.624 317.832
20.368 311.144
3.192 327.864
8.36 327.864
22.04 364.648
17.328 367.688
17.176 371.032
21.736 367.688
1.064 350.968
4.864 354.312
19.0 307.8
0.912 337.592
13.376 301.112
403.56 190.76
564.68 77.064
563.312 76.76
560.88 93.48
561.336 100.472
576.536 170.392
523.032 153.672
497.04 180.424
490.656 184.072
525.008 140.296
485.184 177.384
533.976 146.984
222.528 247.608
518.624 140.296
582.768 150.632
487.92 167.048
485.792 170.696
484.272 167.048
485.032 164.008
347.928 204.136
89.984 230.584
348.384 194.104
351.728 207.176
281.96 224.2
95.912 237.272
281.808 223.896
282.872 210.52
75.392 297.464
73.264 300.808
101.84 264.024
184.072 267.368
225.112 244.264
186.2 264.024
87.704 224.2
151.696 217.512
67.792 300.808
352.184 220.552
404.168 220.552
405.384 204.136
180.576 264.024
410.856 194.104
95.608 224.2
282.416 200.488
134.216 257.336
420.736 210.52
283.784 220.552
488.224 180.728
185.896 270.712
11.552 357.96
5.776 367.992
98.952 254.296
485.64 177.08
15.656 361.304
4.864 347.928
1.52 364.344
2.432 347.624
7.296 344.28
1.976 331.208
11.856 324.216
12.768 274.36
44.08 274.36
10.184 324.216
11.4 280.744
11.552 281.048
495.368 190.76
497.344 187.112
348.536 244.264
56.24 287.736
423.624 187.112
497.192 184.072
44.84 277.704
284.088 237.272
139.08 260.984
89.68 227.24
497.192 183.768
283.024 220.856
282.872 244.264
71.288 304.456
561.032 83.448
12.008 277.704
575.016 150.632
582.312 150.328
0.912 314.488
20.672 317.832
5.928 307.496
14.136 310.84
14.288 317.528
179.968 237.576
186.656 280.744
186.2 260.68
283.936 190.76
181.792 250.648
61.712 297.768
224.048 237.272
224.352 227.544
186.808 281.048
180.424 260.984
186.808 287.432
64.752 297.464
491.112 177.384
178.6 237.272
224.048 234.232
186.2 264.328
139.08 260.68
180.12 257.64
186.808 277.704
186.808 287.736
70.224 297.768
218.728 210.824
181.64 244.264
354.16 204.136
180.576 240.92
178.144 267.368
218.728 200.488
226.328 257.336
186.808 284.088
142.424 227.24
134.52 264.328
56.088 281.048
178.296 247.608
222.68 220.856
75.696 307.496
224.504 243.96
180.88 240.616
123.88 277.704
224.504 230.584
68.4 297.464
186.048 250.952
63.84 294.12
143.184 227.544
286.672 220.856
123.88 284.088
185.592 267.672
227.392 257.64
485.184 174.04
138.168 240.616
147.136 223.896
62.168 281.048
224.504 240.92
178.296 234.232
224.2 220.552
221.616 217.208
71.288 301.112
63.992 287.736
74.328 304.152
62.016 284.088
490.808 187.112
484.272 170.392
224.2 233.928
564.072 140.296
133.912 264.024
218.272 193.8
284.088 217.208
119.32 280.744
55.024 284.392
225.112 247.304
219.792 200.792
420.736 213.864
348.536 243.96
186.504 247.608
61.256 291.08
575.928 157.32
54.872 280.744
283.176 197.448
283.632 193.8
132.392 267.368
485.488 167.352
59.736 287.432
284.24 240.616
138.928 230.584
145.312 220.856
185.896 271.016
61.56 294.424
488.68 197.144
152.608 214.168
220.704 213.864
524.096 150.632
224.048 217.512
348.536 247.608
57.0 277.4
282.872 230.584
181.488 253.992
347.928 187.416
219.184 203.832
350.816 203.832
218.576 197.448
485.336 180.424
55.936 274.056
497.344 187.416
139.688 243.96
490.96 187.416
47.424 277.4
128.744 274.056
226.48 250.952
351.576 230.584
128.896 271.016
416.48 200.488
219.336 210.52
178.296 260.68
352.032 213.864
545.832 143.64
128.592 280.744
282.872 203.832
582.768 157.016
284.088 243.96
485.944 197.448
491.416 174.04
348.384 197.144
489.136 190.76
132.088 260.68
49.552 281.048
226.176 250.648
121.6 281.048
47.88 284.088
414.656 193.8
130.568 257.64
351.728 210.52
579.424 163.704
226.784 253.992
349.296 197.448
564.984 153.672
284.088 240.92
283.632 217.512
349.752 200.792
58.368 290.776
497.04 193.8
178.904 257.336
127.224 277.4
126.616 274.36
218.88 194.104
284.544 234.232
582.464 157.32
351.576 223.896
423.624 193.8
348.08 193.8
282.568 213.864
411.92 203.832
218.88 207.48
282.872 210.824
347.776 190.456
55.784 284.088
101.384 260.68
575.928 153.976
490.352 194.104
351.272 214.168
129.504 281.048
225.112 223.896
130.568 267.672
567.416 140.6
288.344 223.896
130.264 270.712
579.272 160.664
420.736 207.48
348.536 247.304
350.968 233.928
576.232 157.016
351.424 210.824
288.344 227.24
282.872 207.176
566.96 150.632
582.464 153.672
352.032 224.2
490.96 190.456
557.84 153.672
351.88 217.208
286.824 227.544
89.528 230.888
497.496 143.64
219.032 207.176
526.072 150.328
420.888 217.208
282.416 204.136
557.688 140.6
284.392 230.888
83.448 224.2
497.8 140.296
282.872 214.168
96.064 234.232
105.792 230.584
490.656 173.736
412.68 207.176
352.032 227.24
348.688 240.92
557.08 143.944
350.968 234.232
282.112 227.24
526.376 143.64
533.976 143.64
97.888 223.896
490.504 183.768
93.024 227.544
421.04 210.824
574.104 140.296
89.832 234.232
98.344 240.92
101.08 243.96
102.296 264.328
99.864 250.952
99.712 230.584
284.24 233.928
423.624 194.104
93.48 233.928
419.52 204.136
419.672 203.832
497.192 177.384
101.384 237.272
87.704 223.896
98.952 253.992
420.888 220.552
416.328 197.144
100.32 240.616
350.36 237.272
100.168 250.648
404.016 217.208
105.944 230.888
416.328 200.792
81.624 223.896
94.848 220.856
572.736 150.328
106.096 227.544
98.192 230.888
411.92 204.136
422.56 197.144
404.776 194.104
416.632 197.448
423.624 187.416
100.928 257.336
418.912 207.176
571.976 160.36
16.416 277.4
494.76 120.232
10.336 340.936
9.424 304.152
351.728 230.888
65.512 304.152
224.2 237.576
349.144 237.576
351.88 217.512
177.232 264.328
420.128 217.512
283.784 197.144
150.784 220.552
410.552 197.448
559.968 150.632
69.312 294.12
406.6 197.144
414.808 210.52
180.424 247.304
491.72 177.08
152.152 217.208
140.904 224.2
572.28 167.352
52.592 334.248
110.352 334.552
48.792 327.864
52.744 337.592
47.12 340.936
46.816 330.904
48.488 337.592
47.424 334.552
36.784 327.864
27.816 320.872
25.84 317.832
23.56 321.176
24.624 324.52
32.376 327.56
27.664 327.864
31.16 324.216
32.072 321.176
32.528 320.872
43.624 326.192
34.808 336.224
31.92 337.592
31.312 334.248
683.544 250.952
13.984 331.208
15.352 337.592
16.112 330.904
17.784 337.592
21.128 330.904
22.8 334.248
21.736 327.864
20.52 327.864
16.112 327.864
45.6 345.952
23.56 346.256
43.776 344.28
47.728 350.968
50.008 344.584
31.92 347.624
32.376 344.28
33.592 344.28
41.192 340.936
43.928 337.896
46.208 341.24
146.68 349.296
113.544 312.816
97.28 329.232
142.272 315.856
52.288 349.6
15.504 344.28
15.504 347.928
19.152 347.624
21.28 350.968
25.536 344.584
24.168 344.28
20.976 344.28
19.76 340.936
15.808 341.24
36.328 339.568
27.968 326.192
18.544 354.616
17.176 351.272
24.016 354.616
26.144 357.656
22.04 357.656
14.592 354.616
